242 1
0 125576 806095 182550 133282 121780 365060 151920 296504 756320 730435 102107 906235 130972 831588 226005 504668 123808 343165 122850 349368 104552 123584 172630 179217 902125 144814 400778 344688 143706 719960 175348 118746 403403 454913 236764 326414 432465 129773 396750 894742 492112 144896 243360 162604 166935 820738 665396 120808 800362 241440 251833 248800 223078 303993 200940 311753 100908 158850 393790 672768 277132 105661 196180 203440 337797 279945 856280 640450 609571 158824 190780 192338 112275 203180 411705 603253 387980 445189 294220 647745 137947 388715 610620 411466 465364 142252 390745 505372 131128 806423 209872 255314 238361 817024 229504 107380 318075 618985 405045 464008 113838 263842 132043 309308 394750 162972 161750 257388 228384 108770 110836 520113 365236 230077 487030 209277 455169 133858 104972 534481 366895 215090 204896 285625 820090 187705 286810 444600 306379 416200 201268 324840 726373 644698 170238 115080 137985 211672 290905 752520 223876 225790 101340 612136 388360 488799 216622 100225 100850 109720 110455 774196 116392 107956 156034 268810 111070 112220 289904 132190 179638 176257 345016 566070 662565 617750 202989 452054 213296 272480 342079 747820 146875 353170 365914 645330 169576 355530 381718 180788 541438 636976 103531 137752 132916 189015 571065 294695 531665 170350 293266 509356 302840 375968 343670 123326 119656 431816 161272 461008 140560 840045 261364 522778 208376 140680 351356 103306 109541 426500 313816 117032 557000 170590 100292 341605 157812 306006 673272 147064 117990 137632 142466 112852 159907 137665 499560 384200 360780 322404 576586 158829 731332 142226 117108 375231 124264 515779 499735 103394 209980
125576 0 105760 105394 103555 178358 109208 569154 119992 209725 661561 104608 107600 937099 179134 372304 188980 237710 133200 135482 782752 214816 103860 157183 119000 104420 262540 708626 386418 170876 116848 244090 303528 323332 114392 192400 881695 708043 431452 414784 105046 172590 440461 299800 480730 376675 328613 273118 135728 118358 337405 180726 504314 165313 265856 256952 256519 379072 106642 721350 621520 340331 268868 155800 401824 636550 351719 651820 322912 286448 122800 110943 357526 587826 334201 170673 234197 345750 565408 212210 164193 333595 164148 152760 515480 747188 124888 168796 199524 414207 273712 182944 108600 226772 728788 279927 594262 104554 296160 186584 583070 172000 573976 223801 335155 550892 144560 519802 603586 131878 126312 635908 105490 670636 244738 452783 105848 204194 251385 177868 143524 108094 158528 121285 552808 164368 139840 833992 750750 441700 166742 126163 136108 618870 176422 695900 638284 382360 393335 149120 132896 235465 332935 404520 252320 921992 414290 475004 447150 121424 483239 255904 100000 111505 974650 619022 325348 217056 301425 145933 111376 899236 677800 354745 778912 683200 221275 170955 626442 123715 160258 126316 131109 101148 693614 168000 103854 312073 584253 216748 161218 154384 252451 287392 410624 169856 197881 114980 143568 135092 115810 339101 219335 108658 157645 734524 100608 171309 462791 441255 755802 457885 102336 433105 458624 427570 839040 455260 117577 102640 454046 731338 747712 332589 383880 279040 211884 247672 193420 173472 617186 104018 247740 928240 174712 157835 100000 163848 372084 146200 560404 101792 205450 185080 318136 189309 488364 379552 231284 214573 475066 212560
806095 105760 0 389254 124465 296536 677004 206436 764246 393085 355636 775444 206522 220520 401049 326860 608109 116261 496372 137230 631275 130760 262432 645623 206362 286732 159436 369730 677276 447956 604082 100120 901540 512896 925115 128138 499069 175150 696099 178071 713016 445138 342800 521521 456396 460372 175348 298030 187192 464151 426417 159740 279247 101384 176545 306658 100312 110800 150008 787208 109324 270561 342016 100099 137291 108268 722216 180529 577360 100750 101680 121824 190870 259891 184816 321850 113234 305685 733304 179870 139794 637930 171799 180712 278562 104522 169502 583882 104379 461760 129018 220582 292185 576580 784105 481696 238361 109568 293620 216622 267316 124750 126784 472496 164630 334073 245035 159384 440236 252064 138700 295567 133170 823520 739673 251283 126125 358812 342556 259251 103717 409694 100638 288136 122860 176002 122610 131465 162656 451360 197470 110742 104154 495224 176440 215257 191326 102579 101210 725240 100000 340741 202765 746170 134800 447679 647888 739468 849008 179205 136075 184224 244124 765856 115375 563485 307312 157876 215275 214752 111540 323852 584840 174620 337762 300460 187192 298356 112017 132664 236125 230272 185680 160375 378506 438619 711610 191094 440375 335824 117136 837689 355747 748448 164935 206468 292240 490720 262680 270202 214972 479440 499469 529845 708040 100000 531246 236274 140660 327547 268169 609453 174304 295450 103456 122100 451997 365220 422223 105100 689743 199936 299680 272870 526140 197608 119055 109465 322224 330808 167920 762232 235856 485388 470849 606142 344728 372272 185407 591730 325765 126936 333345 228161 432904 118564 577792 502750 166975 220744 122344 423025
182550 105394 389254 0 313462 487450 131068 362640 536020 107945 132436 497659 181534 467430 152920 199883 243637 388628 629416 298399 101152 291498 369731 494800 195152 293024 118492 271312 100000 328650 301040 489990 144625 141464 274250 528968 398158 140301 128896 238816 163101 212392 464959 750997 390341 908479 103120 568585 502353 114976 124472 252295 271600 153284 149368 359608 173458 251074 125974 318022 106580 484880 508800 270850 529905 241056 130217 253657 336652 353552 166470 795475 325630 258530 107336 145402 731224 110668 617186 151858 222112 855568 766960 139260 527986 103320 182844 318382 481930 642424 105130 535764 422944 747475 146895 397999 649753 121854 853984 220099 221800 146158 335004 288518 193400 687370 241427 344246 474000 239236 175768 414688 159980 159780 850210 397976 333520 256519 149266 228700 511642 499924 147690 328585 186339 134113 585030 330926 289240 154705 212200 275890 595010 443186 437634 604284 195323 119700 239725 154080 293185 182955 108666 325144 271666 175816 273768 171400 419125 559559 135425 140504 111592 166885 319414 140851 486750 110710 310798 157336 106360 519822 652096 106513 136693 373567 312928 262448 219658 182041 545159 870120 259054 353470 251960 723979 101194 534428 182431 226027 286368 238322 429152 112090 209098 268500 617860 579304 227013 227971 177235 222905 145280 107280 173080 240448 606345 825985 187780 228180 249214 190650 112675 275942 274087 378890 292766 209552 250675 367701 114294 680893 132396 213560 233640 436426 349050 501226 209060 333805 304516 227651 251470 427635 416464 283214 663472 133746 109260 653374 232260 419518 306056 277300 688015 572275 410665 591920 158176 184624 101325 682411
133282 103555 124465 313462 0 315747 117131 390360 109656 414200 323608 335648 129844 803876 673342 322656 248700 661453 705358 475184 125885 800256 192783 262640 114595 684892 192907 143337 684640 207040 737816 369766 215168 223480 388552 131455 213526 259744 390640 234384 831595 275676 215320 745888 116230 517011 123340 515740 933448 457361 293896 682582 165340 169839 120520 141580 686416 243040 103490 246438 235830 246176 372282 675424 235837 185280 135244 272040 162160 399071 405830 269890 200398 108908 573310 188968 184238 355648 497710 102048 155862 301501 279832 325170 211900 189676 260398 506814 214939 119313 231648 490474 366840 567838 424972 132426 273349 155209 333490 285018 200630 455608 337396 159228 215368 153922 275306 657090 779380 260720 331296 386572 100172 736840 206800 159712 430814 495760 425440 318304 309684 277378 331260 137660 195700 255471 273300 169504 461746 269000 836310 760222 871379 135216 113794 317165 328280 184000 139618 119452 143340 152539 686074 414175 116650 759175 171545 434196 312040 349278 101760 174476 215840 910019 487430 659728 375842 136018 631652 165760 104006 313311 170960 241360 702250 257833 159856 451538 647911 404647 376552 189910 119182 496864 379838 758542 144325 242519 149856 114755 369056 139963 357100 611920 150996 225840 140689 107840 111628 250606 159808 102236 134203 116352 622909 193524 178862 249184 193010 107935 364504 274930 226000 235424 220744 311090 362827 141070 486386 788926 250960 679054 100336 121900 509068 115096 118750 100364 391137 845536 239778 105280 206623 140112 845620 178736 225320 160453 443115 753850 533758 286839 605672 189700 272890 201660 131020 538470 757078 495428 159100 199306
121780 178358 296536 487450 315747 0 213946 377560 462077 458280 316075 541032 395032 138318 688384 385640 744025 248518 385584 204676 699040 409036 725575 468650 123604 422592 128608 225900 110222 272224 294862 643295 166956 662993 437666 128230 363872 449220 602928 546964 453532 247744 388982 623030 529336 707620 641896 148594 156800 536002 502158 330264 351160 126760 338392 842406 363549 148510 607716 133975 644275 498513 121680 681000 139144 174496 135378 251140 324293 346636 205204 131875 810308 426700 543088 458668 101606 299200 168670 700687 260600 140052 757580 226741 170050 692704 434134 114664 356841 113705 172450 220780 665504 146725 611896 194937 787492 215500 127495 128238 521792 679131 731060 442550 254945 109216 222655 115510 120090 322528 185351 136512 119947 105601 430065 537570 819742 949949 175348 243080 213928 147369 294324 434368 216702 299880 139114 104284 767690 377236 215910 446084 537000 167524 349424 119248 208460 107497 177273 827200 775648 493792 299420 102023 426144 821710 142300 406976 108526 188146 317317 315425 445709 178208 473572 248188 740934 118810 374560 610120 210260 188400 248856 123184 409447 124728 272550 264730 636540 252626 378600 162160 152480 199712 361090 125338 310330 549360 193240 115093 757606 169303 760508 253216 141616 181816 599226 234596 261415 450658 281730 281350 248472 222292 298105 583642 409204 143626 159719 295220 122050 121513 710458 424720 610840 105652 284548 747649 392752 189178 648233 190720 175705 335752 421200 141496 352549 294172 102925 165682 542463 249100 117702 494692 391360 160175 101211 108468 370284 130996 131360 233450 167896 268728 113580 175600 301390 206463 540320 260392 402760 142876
365060 109208 677004 131068 117131 213946 0 116530 501478 734500 133524 271093 733366 335152 346296 104446 277300 368148 212442 162326 389940 557390 334600 563487 504376 524440 244875 337632 185200 196018 411256 374164 326904 131279 830121 412228 180250 363056 380770 286200 106969 544912 415700 151750 441079 762688 123436 470912 229376 106813 328975 337708 132891 341272 363840 498640 201220 242113 118278 176440 799112 487299 612325 271385 322075 864935 360117 249683 226048 454690 153383 401498 754080 812908 109510 348520 119521 198400 140986 432220 264052 100000 318331 431964 609332 659894 141087 297376 134380 172880 216508 139618 250144 181000 128640 537888 112150 181122 221473 174720 454450 179180 520024 284616 119404 135475 586325 219534 116920 102184 602200 145261 245010 105184 134818 412586 202968 567444 370478 138488 484888 499183 629920 280234 584800 178399 575452 320700 113040 521412 775576 170952 533550 186456 112905 158571 486220 173346 441862 781582 884428 132725 325330 218590 615713 378278 180220 882130 670438 217416 678589 615680 169276 115400 572381 761581 635680 174965 241427 181635 124599 239794 129585 844015 241120 118051 647962 119635 226007 180300 134986 434719 108060 461920 148616 127610 706320 124672 161740 597070 142581 127156 233955 236128 136550 525088 457420 118420 318695 390832 200980 805168 335385 147190 145766 219568 607940 197645 311280 802395 309700 751475 104250 387419 136720 125896 257276 243847 198944 478432 356277 153710 119278 158194 206642 102665 445978 485530 446830 476821 320908 797950 883370 257190 328650 473380 504124 143365 276130 105655 163396 106570 433774 290670 210853 182656 168328 451091 334036 148848 116160 874351
151920 569154 206436 362640 390360 377560 116530 0 464356 269724 178543 251632 234320 617950 148906 104488 181200 108771 488437 494740 249472 241400 367732 413560 646860 447776 248082 204000 119040 177085 176632 178336 263116 605683 113167 349738 175544 115696 147464 244560 113064 335330 114874 485320 512148 355519 628600 577180 345040 412746 243440 786196 449668 165894 275770 186300 224916 631430 465646 349750 144118 681332 553120 188944 138352 286184 201849 680360 120498 115844 689245 307501 230182 250430 241968 375808 125662 100048 378422 840996 232492 101061 503200 766645 119671 383860 319940 113334 641674 936264 215078 288470 185063 193540 292972 148642 343048 229911 283595 513000 310021 349872 608248 428176 426740 419956 333508 684080 210096 130907 219600 601904 299320 203860 121252 118080 128160 632224 470709 842400 401352 330652 567520 726220 330480 348704 353080 230249 110425 515200 462500 178190 176170 260176 116043 664088 141078 704068 573760 111316 109393 432424 152394 143210 850398 182212 150964 500722 249544 200992 303582 348325 199308 121883 102277 593416 104389 579694 203920 270097 649480 239552 191584 133755 173062 561045 370284 281260 269726 700210 528270 614332 674892 610765 183752 442432 846438 508736 193651 209482 411082 128224 610250 206590 444344 768096 284230 119360 149734 882838 133936 320896 744484 471700 315943 347902 163365 509640 118054 292468 138760 474556 196129 248800 172956 524576 433684 269126 128917 427964 381840 137536 261898 241598 147719 230923 147216 194860 646190 142416 100280 224937 123265 303592 285740 315802 269780 354665 103900 475791 289336 100000 352263 232342 520675 205783 303818 279928 708554 602500 234208 564736
296504 119992 764246 536020 109656 462077 501478 464356 0 218650 218608 211247 177740 101264 250305 382735 439456 375723 186040 543868 217180 145122 401451 169825 100568 311120 164428 352224 608184 188182 145559 122960 479090 144096 429280 317511 323374 215056 283868 163714 113902 157100 569560 239464 159375 249853 345727 115790 163114 137791 488218 146540 336928 332892 854190 263058 607780 640765 352600 100437 287262 104284 536480 143212 469350 130135 429085 143075 549516 356215 403996 201868 543311 170599 167677 620520 282910 267160 495232 585810 164098 124707 292138 126010 225302 138125 206624 742960 107614 216028 213664 111956 454312 535591 105978 131050 326136 624786 612988 117922 137120 569028 198083 101243 300367 518752 665250 338710 367216 122610 116800 261530 233231 299250 293314 478759 594667 117816 314656 134804 258158 139624 373420 375198 109176 131325 169312 213645 159076 226711 160280 368878 244871 424264 224992 134992 116554 472792 941771 281038 686000 360474 655190 124839 474250 124978 559525 389344 179353 127195 116650 609312 191466 265888 161732 140894 642790 218476 775206 164449 121290 467668 205084 120800 444508 744840 438465 539770 370270 219508 669737 505816 113202 128015 277676 113979 110584 282628 356816 401754 275032 131598 347548 297620 692116 154824 251316 167140 291784 310112 135020 337048 160606 295636 616896 168681 158857 274447 108400 272900 290390 161415 560356 702565 266530 212488 131651 130856 133879 498420 360028 184538 477286 172635 204430 323740 458280 224200 379930 229668 256169 323278 375812 151208 356122 100000 296020 511372 170440 200274 330746 213280 223892 200500 744784 288955 460437 160192 441504 218389 149530 296075
756320 209725 393085 107945 414200 458280 734500 269724 218650 0 208437 100532 240238 564000 451832 180178 375480 243148 447472 337808 267508 240080 164836 928738 553910 220243 727471 760736 492106 511336 589846 252889 188908 434200 145198 250508 494050 236510 134140 152626 594377 142542 133495 606708 475750 541480 410453 501952 556681 775948 260974 295275 143210 414427 395590 112502 421000 310566 130756 285240 488258 189798 209178 182563 491416 231160 210865 122401 104469 182404 239216 147912 128462 273052 258751 538064 121120 138514 253360 238250 123508 594316 561913 140035 155039 556188 227072 192430 818818 260056 103857 700820 651780 252555 125047 229353 181796 103330 120350 334009 618656 325810 211194 693572 309376 335480 124864 297357 475771 195460 530080 384852 297358 122506 360199 410075 295017 278848 222100 113455 334098 182040 131672 239776 132880 614566 156028 293440 415900 135518 123324 321676 107524 114196 456160 233632 138176 121417 203474 526140 630978 136342 286722 166836 171370 100781 230918 113760 704414 256950 174556 232687 272516 488850 134800 289946 357560 101728 485595 147144 453740 106161 324114 784165 705056 196720 462384 450444 534218 820894 216640 110800 273130 132736 419523 298468 167467 249812 302176 220744 180948 605272 629004 334612 659180 712054 205450 126825 195088 112246 102616 424565 107995 804820 343958 480646 128600 132665 173220 266428 274023 226603 401050 142876 113472 106720 525520 441334 163798 572820 355730 591104 279060 127151 322826 221548 780346 204232 375412 360896 744298 119295 402475 472696 193150 119110 339940 137370 502210 385242 225136 218560 100000 101300 174533 149913 640288 462136 106804 310107 213473 377440
730435 661561 355636 132436 323608 316075 133524 178543 218608 208437 0 335543 130338 123129 184474 200806 235150 674632 352595 666648 215737 131960 134104 114345 713356 682660 566252 489071 203500 488343 178288 302050 295908 171982 393550 115420 589426 223410 126037 755863 149588 525790 206486 115690 435393 104948 281355 305068 590329 163362 412040 363283 683399 239400 497320 371272 145050 280575 624673 496303 418488 270664 420242 270800 216494 745316 229024 130318 694468 204800 309628 499602 648964 127324 311536 252460 103562 248580 115340 118056 199008 260270 148501 239380 773510 446968 654180 271054 309808 430202 332596 388435 103720 147250 186724 253888 331434 130448 549628 537080 170110 143212 463050 470942 213960 403765 116827 565467 346942 799480 279998 137347 145360 692250 256325 237605 177910 122010 322143 202250 113514 246160 471925 688672 339295 317674 179975 102874 191390 128616 499600 801480 217970 713116 423950 100000 143035 332556 117670 549670 191332 131132 179390 375070 383080 142000 174240 798871 809320 101014 504820 192300 216688 216424 622327 707004 709007 368332 406432 786294 113362 416591 188740 417860 395974 109760 203662 325028 117963 110470 135178 889049 668975 109751 259296 116992 100132 724720 211474 473648 371808 239449 521400 594165 101468 499596 149245 101800 727606 117005 412144 572065 192890 153440 156355 100000 132384 289111 429175 408725 211607 171544 121760 247261 807705 166510 101472 102234 806940 340732 448192 303378 249454 406800 123012 289432 310080 190680 391893 236880 223165 120900 300816 388288 435289 109704 402784 466821 171302 645280 541303 112565 200608 171796 115174 406032 333345 381204 137485 983575 307306 207958
102107 104608 775444 497659 335648 541032 271093 251632 211247 100532 335543 0 282325 139468 330124 412611 104775 187124 200659 211034 191777 137224 447776 232392 215304 186304 569567 164695 288187 153856 123210 232640 322999 373352 123359 573375 199960 442461 155338 363638 549790 521686 116472 593915 101355 166171 106944 262778 253670 311140 804082 235736 540832 119257 496888 295680 709140 332882 154375 318085 177805 538370 648796 534520 402316 471098 136192 263575 402208 868560 323204 195040 128274 361800 344171 838973 195340 117700 260952 428092 570840 227225 141472 116389 727750 150856 833184 701902 244980 170632 147616 174648 171550 103534 243442 372701 299434 178387 411535 421300 228100 178961 345466 508575 135754 144710 126046 122525 401665 519368 151804 791866 128098 726241 181726 152107 127648 404524 241198 324667 265006 130849 123088 117980 298918 186583 117000 209440 103060 150640 161217 103100 429000 218340 914476 464561 477501 450427 831292 103370 225793 146138 130870 104680 587971 404146 145924 127741 556960 314020 155032 190900 480628 102580 101312 180050 382268 552427 140470 191104 639304 120416 367090 252613 137500 687858 272062 119875 410453 290722 521200 400128 280125 119431 167459 647330 227958 188944 361885 487205 110380 471976 219770 605520 320214 418591 312482 179152 129520 637768 134352 102560 966948 228040 275527 545500 367704 186688 395410 624871 130852 317488 301025 119397 219538 419396 563740 313925 720792 185560 229045 881885 371084 263323 264651 264162 546229 145540 258760 737296 120878 432403 650564 252106 319912 541136 122059 653280 170744 160762 113992 516691 265891 467200 385993 341920 514027 206590 132760 269560 218910 256636
906235 107600 206522 181534 129844 395032 733366 234320 177740 240238 130338 282325 0 180256 194256 152202 222264 564376 103960 328480 196480 225832 450987 154312 204272 486672 355651 379136 397638 303060 570124 111094 135329 320111 566960 891616 101127 233168 159598 504250 155575 368730 248819 114399 355150 199990 222982 291224 171632 146904 103510 541864 239873 142218 826136 107152 427470 104142 165455 112616 181510 447936 162496 342200 306592 493000 377035 223648 118620 441214 500367 153840 284015 120009 451057 165148 239832 291439 144766 184788 654190 672908 305569 106975 432748 547084 309664 152480 482872 523878 321550 178888 219498 511312 107521 393293 114904 409852 438660 149400 125344 147838 830345 207568 128380 643295 305751 104520 111578 806734 685544 115839 100302 111286 311565 208630 102838 136358 136300 546666 597676 395962 389718 216660 465496 489151 251506 388144 283951 456934 430408 140008 147700 572760 531233 283768 420096 147644 306790 145800 205600 230226 745408 273778 532345 679381 333988 588370 325882 356843 458494 262960 201536 193806 100973 677200 611556 139629 140960 483916 298462 170144 189790 142282 250574 627730 200602 176230 963184 370816 135565 127643 188704 511600 392415 621982 372552 438401 183952 533944 314184 119721 211028 188494 159048 482250 263530 400580 110000 415234 197060 270114 405240 207393 541378 197234 350320 357075 142296 429601 164527 272360 145469 184876 691049 572234 511240 374964 517248 335704 383146 473269 386496 546329 173815 110140 295569 635249 703648 279172 494912 289744 798616 734942 612356 293826 212034 364040 234112 406860 742249 259936 238945 460998 140848 664032 148970 353920 408880 526915 195230 496865
130972 937099 220520 467430 803876 138318 335152 617950 101264 564000 123129 139468 180256 0 320700 156650 156800 161425 124570 306208 194856 170700 477952 142279 135340 338380 322912 396975 209200 105452 253920 621226 168750 815806 308460 144459 876720 348787 495276 418336 862399 514183 255296 136746 432280 763852 158168 406567 402785 191938 102784 248393 373800 161499 276564 120979 308506 232048 574078 296947 126280 601954 120691 182438 100280 811204 551860 122550 103215 680362 440868 253090 561304 342820 230240 190470 181840 656956 103718 489096 587746 208885 555127 271478 188078 457698 276130 300239 192004 183096 408736 830240 561660 408329 191520 121216 820797 222496 258115 130362 304611 109150 225477 210010 132844 161314 165350 491134 171599 124500 688630 165726 156160 122680 462193 360224 176032 662320 466333 100700 249891 352174 128336 394299 191533 141075 443382 260973 204868 368550 192061 929864 760352 154120 283675 108648 227520 332704 386704 166048 438832 102520 256436 352672 514630 103538 222034 611947 568801 190474 505999 859801 155080 333060 136297 251030 514640 318284 588409 120254 258184 104828 441013 294094 219250 590626 803150 245078 301084 512585 415594 103034 870783 293130 136736 297442 347078 232458 292962 244503 481876 191208 115606 168198 394276 226080 105406 422696 550984 160489 150098 891860 127334 415208 327556 330144 118848 131392 154569 139634 214570 117391 815500 567754 308624 733864 170231 109152 100983 394378 118557 321783 476740 476376 251320 235362 107080 255733 124128 609544 113420 137206 343684 367498 146148 110634 120424 229788 355207 203194 270568 192174 206406 109150 381344 458604 633502 346790 198824 195275 133370 787364
831588 179134 401049 152920 673342 688384 346296 148906 250305 451832 184474 330124 194256 320700 0 118648 198784 242844 315813 602903 113190 191014 348490 472804 110752 125124 124706 106216 145540 550965 355920 240697 266320 645205 628786 262800 149104 103436 441014 798544 362636 288352 182240 104193 641842 254395 282078 220294 221158 170175 163760 306682 193960 206560 167500 662275 304000 536800 355903 467285 250280 433619 257458 185280 169064 122200 134160 175036 121200 535344 112876 101611 108576 828460 581250 131959 280557 132060 133120 144352 120570 211874 481767 444973 366728 137100 142746 707133 416333 408976 115012 475550 105111 132200 143902 485308 228196 158275 221675 409672 158446 120757 532216 342364 172996 132340 394619 130552 137200 263800 196336 347760 534160 616256 160424 234805 537565 275032 178945 372020 291360 599968 250150 587648 106293 437605 163688 346415 419680 134262 144844 152668 231717 462388 230284 731514 206559 331297 364792 211440 206680 113390 526096 256276 334643 290968 481756 731008 336730 187920 278344 124648 547990 103776 302520 138056 367747 175465 135626 443513 775376 291052 137346 229630 487288 372816 250425 166728 372732 388792 113422 526315 147900 364768 802975 248902 133165 234908 196174 423621 241504 503368 141004 117526 435307 123100 221743 245020 763871 315496 190228 897433 686264 659666 138893 426655 278923 260356 234640 561584 478589 667150 118308 102642 125935 214168 113144 305000 148474 102020 146632 240868 431330 299917 119586 120700 343200 181005 220267 714800 554664 323661 244612 794260 109212 319114 247117 694594 286822 232026 178166 158520 348132 195016 392348 402974 523819 774250 108812 252600 900224 329201
226005 372304 326860 199883 322656 385640 104446 104488 382735 180178 200806 412611 152202 156650 118648 0 188320 198559 565234 149984 472485 235610 168796 312075 559544 161778 599392 301600 181750 232704 193930 410442 166681 116124 122080 438643 439552 413842 191448 174129 570730 110365 123652 113890 509552 138115 281405 210925 256845 143225 189658 414078 927313 121828 120496 130710 548704 387640 334255 346673 115372 151765 210954 163250 419140 518026 297648 427030 266616 543582 159182 474490 221264 644890 210292 457948 330859 748900 137810 831460 195816 134590 266803 118056 232550 233705 609438 255000 101130 120240 536818 109171 126649 384620 199093 595176 170883 555147 716656 464078 613842 379845 237700 279218 293346 308465 143740 174333 117563 445465 308575 617107 182479 187668 732211 128272 207408 113338 431436 180190 184888 141745 132424 379129 356336 148548 700064 280774 289750 263560 873938 169215 136904 124464 256499 264736 294106 359539 281818 189096 326786 134023 207448 143140 121760 673540 120416 118550 108769 102943 248304 370375 140400 255244 336075 340857 184148 234995 113328 297802 467416 158930 148177 143945 157597 456202 156212 353632 122196 159898 129562 477315 139813 519313 372020 133852 177952 674035 122830 109048 319490 571175 466741 860222 181204 178503 743200 931969 221324 188097 152136 214852 158474 198397 105512 561539 316580 510058 262260 712864 453651 134937 139661 161161 368636 200956 172688 430057 714992 104576 128977 235516 104770 253440 337068 117570 328916 141280 731800 100522 470730 398457 139780 247042 201712 153579 367915 176687 168640 321130 165940 124760 108206 725736 174041 618754 311752 130240 423680 344212 216480 723770
504668 188980 608109 243637 248700 744025 277300 181200 439456 375480 235150 104775 222264 156800 198784 188320 0 141884 216320 218530 111178 202960 338680 596010 376500 445245 164813 759814 455020 343264 455584 275348 148655 165786 263291 112870 242485 103087 360657 392248 213820 188950 648604 165392 354190 108536 117472 224344 139820 408132 115600 254584 165849 129810 105000 204320 289392 248680 147610 203479 483040 201127 204310 332704 426830 118468 216416 263086 336061 345784 123166 138500 325855 122704 427180 362364 294712 461590 290532 102241 406930 109660 118105 280830 165462 126532 116065 109855 419232 368190 197944 581468 438409 145426 606100 370063 348640 131640 302460 242006 278801 310288 524710 176570 185374 722118 513540 204448 590060 231638 553228 220912 205138 200240 232864 374458 150232 656423 561037 843310 280240 194887 154694 382948 103552 141225 206173 119206 298594 160200 148432 300852 242600 480508 304685 588124 125654 126796 477800 188722 174556 200800 131056 210691 940376 634664 198368 575308 399248 423795 385936 730164 255664 228622 108077 167596 159644 630656 514048 617920 557424 384750 209500 406451 758860 375336 532378 297085 776350 159736 252555 101740 271680 109927 221575 438664 127000 217645 131244 492832 178126 359216 378293 134220 325990 419884 585374 127674 133075 289120 222590 232342 417754 184973 162756 480800 508576 108346 167488 719627 224080 168556 152976 224150 102000 114345 344218 173932 867630 513020 183768 261952 277310 115252 566320 258652 143586 608248 417704 198566 191905 445060 792874 191140 276001 726040 532810 179288 154292 150184 344856 199493 288160 622807 415826 459260 705052 741242 419495 113176 370250 173476
123808 237710 116261 388628 661453 248518 368148 108771 375723 243148 674632 187124 564376 161425 242844 198559 141884 0 326176 103858 103796 394982 274117 836032 146620 172416 163332 192736 145630 840199 122185 759044 323728 247627 485268 265807 166930 123484 370050 266110 734380 115312 355285 396472 759750 126740 499630 642864 955140 442784 245591 314760 141314 286662 757920 612376 255640 193720 397141 394768 635788 104756 122098 333870 852192 822062 336436 553120 306115 317672 177316 489090 470947 227920 110872 148100 334814 538780 851877 521888 315589 142104 153856 539344 418591 100120 451360 905664 291165 289360 228828 474412 109906 207456 827890 500425 261652 422048 105238 507709 537766 105610 303095 131766 314406 100790 270496 380920 323175 485176 427600 381624 344918 724113 188199 347804 271216 933804 158176 564405 157585 293120 153460 362080 318889 463298 206470 141688 169335 131320 524521 598366 172168 487045 520640 345520 186450 102440 386748 542020 519710 105037 176518 129154 879213 174050 138676 442216 207732 337336 241636 375808 205788 129900 261920 801488 432010 115680 219025 214770 338266 277320 121114 254889 123910 341964 196239 525470 125843 462850 222436 376785 117073 203356 812963 419644 139578 286591 104890 253633 624656 223738 668037 264883 237596 134704 296560 401098 666820 128280 210802 485320 176945 313066 123340 154208 100175 340396 174529 406111 538429 330010 156848 270435 109639 246706 177384 405386 139032 325836 339200 331840 400384 361625 130488 501698 292809 582460 172376 152256 119832 161625 766330 446544 134580 361105 195403 197788 299824 143428 122974 671054 556720 109052 315318 113923 481921 137836 289012 543664 141664 258508
343165 133200 496372 629416 705358 385584 212442 488437 186040 447472 352595 200659 103960 124570 315813 565234 216320 326176 0 102926 430739 158032 185300 272280 134100 702576 107521 399404 272186 207961 297060 169832 362965 221584 301818 119305 226315 244018 503449 174520 239332 235248 145540 625712 242568 144750 565470 219624 104144 232496 326969 196624 460632 355640 268951 151527 217740 727520 374480 117250 118130 126740 630955 163125 138247 756788 166903 402625 538248 139672 433564 328608 103894 109664 534112 111216 695362 202582 264424 154480 268381 675046 578062 419701 443492 274720 246640 393594 405256 189208 119040 134200 133220 612140 630968 313300 272452 105076 301586 737560 707556 153728 101473 123478 161380 304534 132550 159448 527074 218064 104422 207690 173710 659650 209494 291232 401730 319076 191874 145080 661165 190978 319928 302920 300792 182764 292780 105125 372244 343100 205924 757526 119920 530236 469615 156729 667055 538633 396775 276978 434000 523120 293674 678786 230104 607224 531484 580004 328336 215782 184096 243424 224122 114700 296522 329999 764484 406501 199799 438651 125119 249079 293336 643078 922480 116732 256970 285850 202542 305764 145500 167353 400720 116549 219280 237885 103282 318080 358426 136720 312464 207559 514253 105154 143380 374560 181142 254350 527193 112636 189232 262729 137800 738790 646624 414116 266075 601759 362773 188560 353605 483200 206950 263248 151736 501232 815990 343434 139100 396882 106720 107260 295481 149265 117598 342692 115060 278434 154144 173568 157064 491644 187039 862437 174002 183520 278478 181144 246810 205170 277921 735256 868384 359235 170467 265242 121252 165520 206590 516670 508078 603118
122850 135482 137230 298399 475184 204676 162326 494740 543868 337808 666648 211034 328480 306208 602903 149984 218530 103858 102926 0 133993 122278 247524 774882 469158 193618 133345 816556 688133 253120 293050 175530 377412 154142 115811 136814 107188 194668 444688 352117 599224 121784 334484 107456 670577 640766 299600 238468 457896 381589 740343 152920 154990 633688 103363 203230 635509 172189 484515 248680 152812 164071 230788 291293 419659 469432 292494 115918 141574 324224 106344 197254 109260 152326 332848 584400 652200 124750 566760 120010 182314 176007 418200 457650 453760 303112 184240 185776 125956 794284 575592 682255 415699 553284 415276 266474 161238 421261 437288 107192 237862 515800 392530 255874 578720 279224 673300 812968 368035 223697 402379 130972 116227 262980 264241 117199 116146 501994 473552 555034 316910 861904 108268 322441 229895 374120 274282 101108 660142 373980 191476 789304 248470 308488 499395 100448 157240 689237 375220 194164 630556 253707 214753 237820 663159 556556 422962 364120 113359 138688 121110 100000 226025 650656 485392 121330 507164 570838 427879 549614 149984 272806 303820 309954 323300 151425 536128 261820 207400 333760 137712 146200 233988 376547 666181 422490 137620 133880 681640 438682 288993 444324 395920 100851 382443 430412 147142 231283 521219 764119 343724 133041 377667 612575 787240 406680 174412 161472 259433 175643 165826 672331 583615 512086 106205 321600 279065 285840 119762 349648 279802 299750 637812 106240 110241 554725 230295 486868 315127 118011 145020 157912 720062 313206 481510 799818 149560 283456 970210 757267 642520 239240 618322 701921 749686 732268 169550 312164 421660 279949 289684 198092
349368 782752 631275 101152 125885 699040 389940 249472 217180 267508 215737 191777 196480 194856 113190 472485 111178 103796 430739 133993 0 455200 103609 223590 463636 186508 339075 139220 761500 266140 514736 168634 490000 352188 505052 139798 102289 137620 646878 446250 170728 140905 425728 481600 165590 136936 181000 323669 100117 406929 489883 620560 144353 602250 115785 235648 100660 206304 177531 103212 576478 139015 403207 205996 170650 301068 278776 218722 111658 692400 445250 251962 178320 706816 363571 582076 206836 581050 598150 387375 481769 278882 198185 140290 351344 160879 336192 132942 276790 391060 292132 143860 173144 323045 544840 205450 801631 819334 563121 124066 435232 185318 274572 119778 643692 354932 740740 750119 568672 113266 359072 290781 939220 168640 125632 241017 276142 100969 283393 193513 290696 824925 365751 445989 130438 131311 289267 254950 697586 133516 102984 126500 330552 920755 139032 312200 277786 128420 358456 175195 372580 435465 634855 773021 418662 298744 109180 106077 112416 591005 279510 156792 104878 148990 231700 254237 555665 160579 502462 600038 799726 380896 148180 474650 111280 349387 120584 159178 813657 280032 515920 161864 104464 320269 128728 246304 101056 137520 210682 137400 122540 213250 397298 185000 342208 927316 761725 117668 105415 100894 199395 123296 246916 152470 471200 370088 318466 549064 528652 199822 181312 903642 102116 539758 242128 319208 183272 343600 206552 298102 167482 179365 114154 840528 158625 275808 380775 110134 213000 811512 545222 157344 477910 101040 496171 560720 408124 522300 253195 102346 139605 802260 211520 770814 139109 103367 245656 112317 100000 408348 251178 155596
104552 214816 130760 291498 800256 409036 557390 241400 145122 240080 131960 137224 225832 170700 191014 235610 202960 394982 158032 122278 455200 0 158113 343600 659953 111269 359912 100740 144896 219665 178506 226072 370872 104180 440366 100238 585384 335494 172360 168608 306394 104212 237888 283396 152625 304196 277320 378610 272160 132508 204486 146935 515101 356468 178396 433499 147528 129036 366060 356800 152272 441310 468508 364576 453090 228070 208878 729965 233100 263574 173764 161065 270065 485825 116235 426742 114840 432784 242002 626424 336645 412156 488080 145016 252684 360568 144968 217000 200800 692382 101703 132549 270384 220336 224480 139997 147355 629788 522604 313564 103936 452312 379462 234211 462514 195400 200488 112120 602848 400369 441020 206330 535519 156942 222625 106384 106624 273520 609952 610802 164092 315631 123247 255520 188536 146110 215020 316408 155842 281300 240821 524794 244372 172522 417974 839722 156896 146692 143316 125194 340254 216580 137305 169972 436595 284000 391128 467752 535329 121087 107508 116320 213390 401549 369724 304714 218368 508733 552214 571422 202992 284141 109794 167520 112103 449800 184750 776017 497800 337704 284240 382598 166560 192276 212959 169642 199351 230250 119917 253596 181246 184854 302510 339394 677347 192778 238693 219616 106789 296980 224776 241460 456724 192268 113110 110368 422690 536492 698812 462421 390444 213308 295680 103590 350000 103306 673716 108580 261068 241015 231400 210500 244207 368410 186670 342216 598255 788390 192800 126299 124448 519004 343571 512650 104042 224500 174336 632125 340597 733726 118290 151600 172416 265078 585576 223480 708400 128963 741804 418512 154194 308692
123584 103860 262432 369731 192783 725575 334600 367732 401451 164836 134104 447776 450987 477952 348490 168796 338680 274117 185300 247524 103609 158113 0 304732 295108 509814 657970 558964 241515 105070 147970 273068 127573 119138 622936 197976 126565 215345 215020 184920 152984 364012 260380 196836 564160 197155 214226 108505 353568 271504 127104 194776 582880 218014 180444 349660 258444 132903 210171 617548 133210 136990 576949 278286 535998 378616 116974 135664 146546 200485 151392 302905 360643 116536 104233 147090 302500 105370 620057 197474 107710 707680 359380 401644 357600 961300 853489 413200 591004 309820 324235 166033 671880 568718 220156 394882 219892 330886 349283 179380 257248 461800 280808 778030 105518 493140 443720 335524 859801 276256 186560 390000 234090 456811 324070 733103 590560 566854 493300 164900 305920 113806 562200 296650 737855 246325 165988 539432 213436 277937 143280 249814 109690 209725 233814 134452 275950 295348 891936 492172 104992 620720 736525 213505 281482 212625 371780 505912 486579 618925 389640 125575 383136 965094 298485 141209 109321 352830 292786 430480 146850 130888 117380 215280 101462 356496 491052 105292 194224 190228 147460 276550 338814 546276 510124 214271 274957 152820 183393 209488 910858 732282 783388 270562 306752 114276 236670 101410 580150 267688 539725 634494 186760 268468 545422 228952 108400 768577 220328 528285 102190 321619 103990 433720 303256 197416 113524 102964 167104 387547 397843 301450 112677 151646 100000 193950 258580 205408 278992 376303 377770 653552 152924 356432 592250 221628 320500 392185 261939 164700 281368 405080 139634 123900 152582 631916 311848 292052 109534 103477 193753 419907
