8 1
0 129568 345875 326735 129920 175980 480844 372632
129568 0 213620 179054 249292 462408 171484 292390
345875 213620 0 118044 118630 107679 166504 374176
326735 179054 118044 0 152785 327800 135490 422452
129920 249292 118630 152785 0 176375 361612 194635
175980 462408 107679 327800 176375 0 100000 129875
480844 171484 166504 135490 361612 100000 0 113104
372632 292390 374176 422452 194635 129875 113104 0
