222 1
0 332600 344800 176293 218354 248645 308620 121813 364438 262837 213880 428846 323602 378897 517131 294579 536345 653554 151168 676840 166528 245635 121406 330832 491230 606468 121396 235994 305310 737585 502952 281440 105439 509750 937661 292794 163510 766936 246932 589246 140584 823600 701647 180688 100798 298120 756253 541090 232528 543745 636844 371115 297736 476568 168310 342505 469740 160014 421328 183711 445765 104968 103618 222377 457434 669344 176860 412612 216112 116032 165660 167925 273040 137086 123630 137362 102466 792240 143446 556660 144160 280576 347180 100000 212778 377341 256672 177058 180136 665056 426346 301366 152337 311876 615372 248335 542500 255850 848293 296992 595304 222537 128728 250972 664864 120350 473152 227088 765500 567321 350800 700506 137503 226731 275395 224068 208652 187863 268192 388306 576408 313120 158466 403280 330346 391973 195974 170358 203008 148391 201569 396055 363736 181700 109450 164625 252350 612210 532320 413649 736272 176734 417579 138860 162300 140014 106696 168438 408448 642830 133867 152000 275617 109786 250586 317284 298919 824101 494188 242655 273360 179940 112426 396786 427067 104323 242460 142834 465400 214774 549293 173509 156160 130889 334528 294176 222059 325172 116164 664000 101067 337996 110092 201860 125760 105336 719344 191031 554490 206495 187120 847579 318956 105418 172670 258400 249022 192248 439660 356529 404236 377242 161244 203320 104386 113949 345058 117748 668543 213004 366945 163984 269416 167868 106472 324106 152038 646003 138454 228150 215116 117280
332600 0 120832 246718 389641 229228 431632 241110 588612 185860 407702 144370 199456 306712 118352 358476 413020 199876 139976 185116 721753 404984 840104 243724 226549 139072 221440 151156 119140 937760 652276 233200 403975 384780 155554 375616 243660 119698 450490 421378 216841 781656 533342 568900 343110 192895 665191 413547 110600 219654 676300 288600 104314 105126 736560 393944 116182 119530 220861 138889 696960 172660 104090 761937 258541 297409 238160 277292 154535 329152 456252 757555 309332 291966 383398 247340 181864 108033 622640 160479 205644 100656 120350 268560 300466 496677 333244 346776 686880 571540 175460 129348 518608 403250 609388 429511 370383 931453 672994 164470 420348 266361 108624 112920 471910 162856 147850 325896 411190 117360 638444 442964 603370 111935 905948 250520 412228 140608 243198 198120 247690 339580 308552 324112 246112 347408 100568 257080 260602 260500 190112 413565 303504 125347 287392 136334 470975 277262 378832 429550 142041 263785 107511 232430 163602 378135 468940 190335 214464 134263 196918 421816 100000 217540 230615 410528 143520 848396 597718 319264 114700 132040 584832 348850 274640 545512 341175 160225 467567 158640 302989 506174 104914 380197 115606 516304 648231 263085 395316 112444 691630 108165 120119 203194 239650 208003 114570 385076 412015 197128 202672 509060 785224 761932 254934 174956 231166 162933 212499 129155 107513 289810 230115 432304 291844 545666 393904 437844 436835 552144 783850 180408 158140 242272 118815 164176 315568 263611 343576 209590 173632 765280
344800 120832 0 377772 125075 284800 145360 516962 540485 218826 249450 161189 343000 635500 689016 226672 165800 330120 147304 183712 365720 212185 208300 110332 114691 232120 180476 137647 233700 387840 429386 234532 660443 328030 262676 444632 567523 228340 416883 144323 103264 654724 459537 153594 750180 705313 889796 198787 180771 568165 199176 551354 340998 858640 188308 110070 862930 433312 117544 635434 434819 167452 290944 478590 145684 350416 152514 435800 130800 113101 363327 740590 100552 405100 111438 190816 130160 277216 123320 260272 473520 104809 393532 137536 632120 415592 648128 712360 319501 188800 295901 213727 123591 113542 925696 517924 811059 290708 179459 107856 684177 745975 428750 781984 202168 104498 626620 610420 705440 256043 139809 536371 401693 480928 424827 374983 343376 147959 168816 224375 126190 502582 934757 521948 164625 423950 455377 139537 155062 336466 569286 309000 157211 454096 249352 124381 245559 103610 280186 263654 108000 144717 370360 312626 451372 783271 138416 207484 340940 311324 364241 235044 514992 293614 195888 298072 631630 183076 103002 123664 285130 652048 221888 189110 111800 116800 123139 497437 216262 294442 105768 121364 116425 586336 363568 496607 103336 375044 133782 185120 100950 261568 106840 322300 102928 496090 138663 511528 406469 108639 205924 457390 140095 682484 302750 163798 124440 210208 269848 328270 426228 336304 138019 243284 197328 384490 223392 202870 257896 237472 654106 543118 117985 255530 126520 101062 309876 253425 465925 416410 144540 681889
176293 246718 377772 0 827568 290684 428878 112738 913098 324950 116128 361502 426230 351600 257725 151765 161248 358232 378064 214304 723168 270568 163460 559375 735544 105405 136957 197270 102695 153130 127426 145500 293500 941401 162415 213940 184000 355258 765236 180960 240280 153568 204310 193240 648758 210600 538138 208234 185796 181122 683440 318848 276814 225937 347419 136768 548092 502938 486739 388564 177275 114522 347156 124900 109108 593740 109141 203888 324020 213850 149560 641127 130744 569750 294903 471664 665630 216088 424612 606944 121696 142723 236286 280424 449912 166360 331075 445112 133872 534750 278540 231957 306016 312960 286300 108013 463592 446795 296252 499504 129727 603616 461666 105680 180969 227500 149680 432150 396724 190663 126904 211606 314965 264226 168256 274160 640350 262447 368576 393904 126670 835223 111310 236300 252949 465116 725056 272128 204141 511649 286590 353485 288484 523536 210544 271080 246685 436814 357881 104514 313224 322992 378334 750160 176994 457434 245848 137840 121362 496792 160809 885791 252280 281440 442392 125688 137446 222360 144850 226240 295249 128210 283568 194653 866920 152998 145342 147047 117318 147897 357346 116749 168019 503104 627044 232050 245926 181305 114976 344496 846770 146400 169111 925276 215360 271094 183926 649820 268796 125095 471657 443480 514528 233776 201745 141860 336570 100000 561610 352330 804055 389772 265984 464428 700210 150715 139951 266083 236959 416131 698570 277606 184084 472084 106536 478391 160502 274363 387175 183665 178933 123707
218354 389641 125075 827568 0 389380 540682 691399 260506 304276 485615 162764 395526 101282 424048 356280 487638 369648 463520 151404 165601 341094 377200 253120 547720 241884 166742 315232 956728 360760 105904 193300 145104 329482 283540 369854 559488 529140 102816 438897 145480 163812 651214 793874 505216 259425 654325 566560 170668 614460 164051 126964 165364 215107 788513 407398 209440 261644 405588 164414 325345 446256 389248 203472 369892 450304 242317 523225 122161 420974 751105 332848 114720 482030 624496 130740 595200 179837 679393 647311 195069 546602 764884 649200 416642 183119 207190 506080 239520 125060 288992 319765 308413 316250 389170 290627 315102 246320 201700 245058 260335 274724 145030 795412 393910 481700 145120 132949 313852 554208 544849 416345 287816 603211 216256 217490 146689 143068 937200 185425 395320 356256 117336 166038 305568 320594 272746 471175 726220 530185 377498 256562 173616 192442 316711 196050 225600 509016 688224 164566 107950 100067 217968 600256 301068 301600 317175 128045 218600 128960 664590 358048 332290 394880 135343 537866 257635 165208 628276 157318 603976 439120 734203 167206 151704 471862 221420 268237 495928 331976 402818 102200 433468 123478 943777 238288 307460 116929 145260 162720 331610 265376 468796 100450 202157 482052 170983 114400 463909 152548 144118 322480 885087 298750 311770 434048 611908 386671 583019 807070 779126 102220 699925 539263 579232 205030 634000 401563 281989 227182 150463 317959 144878 777110 257760 164636 135866 296005 229038 125425 851434 207378
248645 229228 284800 290684 389380 0 423550 189716 437820 307948 348381 195795 135700 706620 371400 281504 167134 200584 135948 315142 155269 627575 249786 242524 363074 121600 382336 595842 381580 455069 264255 291400 159605 313778 204220 231454 447130 901625 589852 120776 610576 219928 193730 111895 137283 182472 662380 116356 112283 452027 448471 438840 795640 158464 204656 951982 332618 127664 244430 116908 384316 569154 404304 284315 221873 572730 388240 191168 483958 628462 533573 671608 786764 122170 103944 152785 184186 272349 450889 499993 413458 294072 305850 509446 158776 537391 258998 105988 201178 162272 254156 150382 337993 319870 667713 338810 196120 235207 205546 232056 700441 171307 111277 740445 181060 191798 582856 180718 586780 627315 202960 148410 357280 101848 215020 835277 114841 572320 181631 202582 192645 465750 441940 315501 182053 227148 238216 418017 224960 338206 449272 242569 106564 463660 611423 738253 211944 805915 169204 488368 233980 107920 312850 314662 103565 169890 589312 349600 744651 383089 281744 268504 793770 765415 481920 603206 378475 787960 100648 149790 115368 168742 433975 364701 102600 154768 118942 209305 123852 602656 525787 428416 149464 465040 572640 308828 296840 246165 100882 752650 241492 198040 241300 323020 118420 159840 258925 100000 216760 104400 387615 212710 180620 858208 715648 228956 252928 172280 104020 461530 412075 261588 555958 388036 658009 477568 167308 254521 169716 665110 178542 235207 418528 611924 200096 544780 188078 379545 150895 551156 112771 452352
308620 431632 145360 428878 540682 423550 0 400672 588240 723571 267895 113840 257287 150634 138552 250804 123316 296648 244158 105244 446940 541936 154708 115312 518860 206002 105439 116450 318112 232026 266477 412957 100000 427865 303394 235622 565888 370900 187615 330184 152460 586852 378899 361198 245920 289696 238444 424632 244495 452077 331609 320482 594570 154397 101707 101019 171372 333948 105300 196782 118765 527166 604696 307582 729176 316408 626240 452560 337360 398473 393712 346130 164699 326016 669640 103405 631552 162686 384250 625966 349730 173299 478875 106371 121918 149266 519025 424048 279322 722440 340834 364330 144175 916192 125080 219064 454612 236530 674649 105640 110368 717435 109348 117215 249544 190531 882232 354968 288000 334080 215140 349862 379069 105406 391480 164372 357544 665577 129898 217666 182593 304171 273880 763750 278160 137375 616648 228256 381765 183496 157060 364690 110608 155860 120406 900156 180640 151794 417340 331786 332944 114280 130866 148440 140635 114008 196810 209526 667375 188666 673400 180160 156980 126715 322282 252208 269456 458878 258656 292394 473590 431485 247186 327070 145632 141328 103242 157200 128900 159717 687385 150172 161560 238675 574660 337328 253894 150920 566464 407060 163063 356785 292945 552880 102630 127930 280380 137908 398058 449137 500030 539344 515703 122680 349006 103272 144928 309380 285180 141796 213284 469440 109909 101320 154681 642520 436966 259424 189262 229558 336274 119648 257600 302354 823513 309223 146750 116104 584704 342616 114208 131824
121813 241110 516962 112738 691399 189716 400672 0 172150 178752 175346 380372 201949 107616 630010 642058 444720 789788 651142 200662 303643 721298 184599 258730 152480 443440 263020 209976 616561 527536 146818 121624 226015 195222 162433 130411 238918 312415 140480 109618 772525 401696 390007 235928 119140 886214 473750 105825 143035 887614 621853 192144 255806 240940 567115 410016 130414 437770 217718 157014 163960 557392 144916 491200 705472 279568 395930 216358 133345 148052 100660 249136 410128 642015 470512 111037 189718 408396 310750 512164 406180 130400 356530 123672 304710 376424 127404 716308 291180 492298 158893 199552 116212 304858 320980 131857 151804 349888 307176 215659 166990 175862 100000 748195 251776 342703 217045 612222 167410 200232 110494 120060 259598 416196 104088 162640 119474 151840 268590 523400 151816 116560 219584 416888 476648 233888 102277 312397 188072 256869 256768 841426 453496 803444 230144 190804 279376 462193 494800 131186 107965 133174 864762 287746 176798 227650 243510 462656 197478 107130 250887 114382 240998 154050 268951 252322 796696 101266 193624 539890 159250 678340 374622 109380 534143 215227 362327 302920 480148 177478 166672 139006 305568 345427 273432 144395 132256 169454 115351 769930 317128 496144 255064 158752 207600 104664 192402 220294 132208 161332 170077 122438 134504 826154 913498 288265 243312 517570 489127 554650 209068 660505 227846 423229 247126 132697 467563 413200 178795 301576 101225 237412 197383 441541 884924 416158 121082 352126 399556 464835 115660 106405
364438 588612 540485 913098 260506 437820 588240 172150 0 615262 114430 357334 740552 287698 770320 184788 471943 177952 241680 107163 640918 107590 263134 271612 191808 429670 430506 457645 185894 184504 662003 516518 467750 320282 144744 153856 506549 196140 221362 324910 334864 104408 110640 397434 299998 479916 744707 230128 553470 417730 102583 167710 349375 501800 169336 408897 165300 671392 120856 111520 179500 306572 700536 341617 121984 562279 267416 440848 819617 494289 121275 512548 669664 424220 242968 561822 267265 290674 135553 103080 189815 375078 154027 138940 726881 181606 134314 168530 157736 113733 526502 206894 170912 659388 214800 445738 299622 100428 631476 177616 158444 675946 741658 139525 269983 109272 557050 255952 185185 450400 127148 483400 543702 416125 117578 182600 187104 717652 243049 655954 436730 170056 176160 255718 548290 140018 105425 209186 866038 264475 647149 211454 310667 327792 133189 347938 310944 207835 110744 282880 191962 105096 137750 489628 186000 337244 104641 444553 146496 731612 288468 155020 117284 715172 165648 170312 401910 237943 461179 216112 129344 180011 212746 710375 115134 600415 149815 790855 408360 223012 728280 251443 297556 258270 361508 110797 635833 372220 281374 454375 787400 134505 248698 203137 124187 124381 138286 279634 289002 104874 480800 187563 154128 264427 100227 910731 350992 278920 116432 191042 928351 317668 188179 303520 238852 104318 661752 439942 345295 148840 261721 105322 718120 439892 157820 225010 215360 272557 242625 144520 104720 134496
262837 185860 218826 324950 304276 307948 723571 178752 615262 0 203740 678074 941279 517717 148756 747493 642624 445800 692466 126643 119175 543424 358464 113608 292131 128288 120944 137927 181640 413992 135997 733360 294859 491742 266793 168145 208912 438706 344684 521940 310366 216480 161812 304972 120944 109731 147232 103222 557176 297820 934960 101332 124332 183952 328488 123511 107470 155842 325504 239293 414818 108736 479464 112400 373000 903488 260460 271842 115532 315634 206020 151150 110260 604502 257522 204910 214436 267560 109045 217600 218314 121060 290164 411812 592584 175138 232211 423700 557612 495790 194858 154630 129440 183331 412800 420324 462425 264478 361744 113717 363106 761479 426899 136936 151660 186516 358516 835264 158344 244072 142768 185699 160680 184836 316480 483625 827740 136480 296531 177385 518912 692352 324664 638020 177855 155746 853740 117600 378139 147957 178020 187792 187906 820860 130899 204918 547456 513049 107261 224267 192056 118734 201376 192004 125695 272914 416080 224180 738730 409744 755905 290012 117172 158830 370000 473032 346675 220588 139235 366258 496494 313367 214729 230701 127648 238985 279584 180475 147854 369248 257776 300850 109828 173158 256002 143554 108456 115100 329908 137698 377550 104810 122512 707760 208316 615328 116400 427114 179808 463120 292468 327994 368600 882880 320298 170090 677152 522095 271022 249212 649765 510930 125069 307130 549559 513664 243845 183411 104899 304537 207784 315160 116585 687952 105800 274274 125000 103348 339658 114880 428149 332764
213880 407702 249450 116128 485615 348381 267895 175346 114430 203740 0 124514 136300 210967 716266 147730 108829 232392 356728 716500 517420 541441 475192 349484 126741 268399 349270 598996 311579 110674 443944 109656 116975 147560 542128 628644 130604 256492 669240 771760 195202 118684 133812 575875 107425 278164 726139 208106 396484 209800 171410 253120 312652 209347 265567 268198 833819 667410 808540 843040 147641 621394 309370 102160 149728 472600 142350 266562 203728 173344 219438 111092 208261 153312 259068 779680 106465 289114 942491 124753 445969 309496 186772 591244 295678 547114 540589 408066 162152 448206 421948 235266 536320 518100 656104 267895 543582 120208 692075 796096 400300 423368 733438 115281 107566 211354 110605 356128 279840 183860 288853 314830 213256 529944 205247 294824 471294 143260 120094 435368 430720 556741 148464 778500 474440 329959 344622 294480 208680 125185 307390 280050 261520 310392 358349 701920 300800 293812 389570 849950 906496 359920 642872 212628 605989 117248 307138 369024 116275 414025 200096 411850 137238 226270 123712 642436 118847 175320 144928 234027 462736 359558 326610 205100 152320 522293 167208 166240 170512 517648 155512 413757 151675 233906 468246 400510 493078 385564 296942 305800 151911 227440 416288 591127 516640 457500 100000 174640 107684 282928 437687 538840 167817 273597 330253 106708 276000 140582 630840 762760 303130 155860 737643 506438 887980 766907 256426 387897 183821 272546 450316 192560 762924 833953 187615 494944 100932 133605 315028 645664 689500 306610
428846 144370 161189 361502 162764 195795 113840 380372 357334 678074 124514 0 125978 118161 137800 105778 225580 103200 125317 296000 391024 568330 148348 348880 283768 168470 113504 105523 197470 272920 444540 264260 250475 253660 816252 168809 325148 521902 213589 110140 393510 287798 225020 149920 218998 359259 191200 139060 298288 111938 726980 331363 482436 141850 111264 905330 223437 111043 455850 460585 129792 730766 305349 442732 115552 249880 617997 150945 341900 660475 252152 285288 191977 170882 286744 952150 300700 833806 115834 107200 138376 404832 201947 272272 116544 475708 501494 106256 160144 142152 165184 105304 401308 178384 160378 538724 473980 337148 547706 112495 497222 109604 346960 204544 520210 116291 201600 221905 117984 243552 169920 368080 197152 360784 115660 173299 661275 133147 173232 100246 816885 149478 183750 698832 106396 201153 390169 330989 291290 177064 235871 194581 371284 543989 231890 823646 276460 100000 109660 645263 297524 172080 176006 289980 162006 330272 386926 228915 201338 786504 505216 325145 115490 835840 166129 455008 524995 217304 526420 181792 565132 120590 110925 360736 234088 227414 102178 540832 702196 323575 233729 381424 243460 555178 248302 161200 163175 305233 233868 153613 151678 548902 645061 327271 161962 410788 660480 147523 474784 374984 328242 105258 171905 125308 117480 364189 578827 240892 732250 178430 267245 128980 793550 834868 378712 505408 134500 700915 593164 144086 115948 111466 566320 499123 282605 457404 124795 101540 573064 316989 441136 108944
323602 199456 343000 426230 395526 135700 257287 201949 740552 941279 136300 125978 0 111016 209480 269884 222476 306388 114812 935905 336220 530464 115024 285808 490879 103275 248005 888480 397134 287920 183472 392530 336715 155839 107432 504168 289992 230650 121356 335832 111189 243990 775072 612610 101673 209725 281908 179659 332221 126790 372650 234520 113446 149400 159100 274324 159472 602197 238736 104620 208544 101519 642049 453003 298816 600550 207502 187516 793751 120064 183125 352945 160264 278752 145621 336840 614158 106993 264480 137312 373728 821554 388912 106225 117420 770542 351346 423433 143095 317532 104320 167564 305296 414757 100103 226750 190100 450658 429840 109420 100000 466606 126016 523331 442924 105166 158996 302092 351286 161924 441211 483116 163296 430447 260425 157330 645974 269824 223480 225358 824100 300376 273166 236000 190654 188138 162612 295684 176320 226212 808948 569800 467334 200382 111408 331770 404062 187544 147418 186832 212518 127666 810000 115648 251976 344944 115252 148510 455888 883160 280693 297847 426562 614696 191152 552660 447802 208962 587944 395724 482284 477215 237445 284960 405257 564250 165565 298764 413740 126522 106342 105488 124165 680125 273579 170184 678930 378308 244670 130590 136610 439158 443035 335290 154500 102953 112596 451519 117715 402016 319480 108772 318572 501624 406128 350536 527380 179716 558865 101947 152360 120042 140204 175504 123210 182740 186632 518064 570098 558476 131450 541480 213367 257200 141296 766672 507847 266780 336352 320275 127702 103504
378897 306712 635500 351600 101282 706620 150634 107616 287698 517717 210967 118161 111016 0 265387 159704 515374 101218 294796 190744 120451 960223 121731 188320 228160 111147 209497 342394 128060 109890 104284 132076 115015 150397 104221 153144 112502 717848 174883 247328 422847 398958 276544 101841 164975 857174 278524 881694 782440 154796 128836 188440 337713 655775 235876 126910 377312 199585 972554 104335 673650 863140 315138 572770 209382 518032 165325 634924 218440 115548 118963 124816 100138 394922 196048 200128 384310 351650 682330 296883 278380 510366 389052 184850 123370 178057 178336 820148 128980 269932 492352 328690 109345 409825 433412 119740 138634 709427 581734 429504 271957 618949 121941 116126 145796 573349 420454 208882 405201 210200 305540 122022 555023 170963 174718 132368 529312 114182 386361 125620 533674 202655 534280 253946 300716 117384 211408 456048 304267 379840 102904 100800 262504 245782 558622 280576 506368 238556 115984 118564 200875 449932 394372 407272 305859 736636 550120 111210 490878 289952 409000 306580 831640 329920 200602 347950 138482 468180 140777 224315 400698 409430 137408 101230 114624 879980 430426 111960 128152 263485 417566 108322 387560 464140 710694 162016 180344 173605 515161 802240 222010 187699 259900 129975 470052 213223 470668 584508 299364 795020 243208 258004 353584 558914 117964 587800 174414 592723 122242 189488 245262 152722 169750 265360 122726 700054 516368 132916 246545 147170 497808 514346 311848 554339 110653 135371 125970 489466 236300 732244 736197 107774
517131 118352 689016 257725 424048 371400 138552 630010 770320 148756 716266 137800 209480 265387 0 760374 129241 222640 456998 100794 370200 282676 286864 366926 132326 111193 270905 617926 216805 456256 218560 118792 658260 655082 291422 486692 102488 250066 340570 107685 344622 150138 739564 140356 287950 199012 133226 264645 466840 130385 378859 466327 192655 685332 107995 843875 202102 135868 492370 403161 111169 797624 316871 776930 317141 789472 250165 517693 616426 253700 565312 528867 114597 509907 549624 192832 818421 196900 148410 118448 648228 401194 281875 371206 876335 116758 121460 225400 104920 501999 488466 545500 396852 236496 456970 182082 336626 127384 193219 131000 248480 304672 251970 157696 661701 722790 288916 536800 243705 678840 483238 541798 344602 180384 275595 612253 244576 723077 405019 102016 520918 497885 176368 193280 112180 247168 105150 323244 104293 100640 130173 122352 875260 224098 181576 512084 275437 107182 311365 262864 108018 344969 397256 216000 147120 319064 467092 225258 286810 118430 110555 203028 440704 384400 291018 367995 106355 180484 470311 145600 241600 119278 178400 112120 113424 551192 219805 233650 205462 147817 601993 670438 302147 396450 799210 150787 272416 100350 109234 229080 627085 399065 250660 353821 595320 279744 929926 534361 196294 197552 361220 154390 243510 134750 321805 307132 143452 338280 434126 356800 499676 352590 470947 558081 168992 550846 398052 112382 430600 110434 423025 299752 110017 781170 172590 627549 299752 135908 673352 287648 126465 280228
294579 358476 226672 151765 356280 281504 250804 642058 184788 747493 147730 105778 269884 159704 760374 0 182800 180391 233900 618364 140128 673376 106936 149982 292924 531748 356128 509464 118190 112908 281692 392050 769438 360948 550306 269841 272512 262960 619124 165300 201972 277282 140788 407057 455824 136740 187287 254836 196240 295475 154560 695746 380378 378096 490060 149024 116864 201834 187216 153941 341410 196264 566923 300745 436408 453205 411364 676009 105931 193951 482580 229596 246769 330368 455600 180114 133002 257568 262504 445663 551205 365617 564928 271534 223848 404634 268632 113797 786609 300784 648228 610523 705880 682855 131857 816982 187696 461200 128356 280255 819617 212795 407128 726104 140341 109880 232979 133330 358255 121580 137240 774220 286136 360496 421963 174178 213544 263291 147188 125536 321850 192448 487411 112342 205198 372234 166600 440704 406138 115104 184846 170658 113160 328774 190280 163816 273855 223087 124784 494914 223816 101577 435478 644275 777124 626184 461340 496325 523980 162612 588040 147580 134254 502780 296528 383030 735152 219306 196512 405022 107940 467040 255672 344695 167450 265205 138588 164307 840150 327940 111020 120541 506549 154675 205175 370180 172360 102331 330460 461458 366392 185275 631930 215737 143648 246540 240184 136516 158072 255520 110355 137389 323344 325990 668000 124678 125214 519167 450918 124948 262932 220802 351516 126862 206134 531660 398116 204877 597448 440106 654652 115561 162694 121576 178936 267040 352756 112586 271392 150220 938870 334784
536345 413020 165800 161248 487638 167134 123316 444720 471943 642624 108829 225580 222476 515374 129241 182800 0 288160 380256 178668 636685 586540 767757 135640 754368 124460 311500 195382 242272 681298 306312 608608 239539 138880 249775 552456 227264 325120 316700 274470 173873 589346 536836 500311 723070 562924 819200 659000 849864 861634 753130 228260 414115 249685 552571 582727 763120 219968 193451 361612 581072 819058 383050 436672 113250 451567 709746 552681 321260 281332 381421 114682 240070 205072 700090 702648 134152 167814 112351 526250 379377 241750 475408 611032 118012 225993 261250 200104 819708 538770 214762 306584 266952 461836 371524 115884 450415 237332 118424 330625 196954 411040 188616 139312 100630 256702 397234 362605 298396 194628 135600 229541 102622 430642 155257 806512 269491 113419 174958 231820 442563 830398 695140 566179 116401 412373 108455 243070 250650 116716 300408 101122 216918 112336 329245 202823 227490 163336 269918 242902 268848 128161 110017 140095 484406 327930 238360 252250 341175 332064 440474 199846 165962 481123 261160 103598 417322 217180 406614 545215 101975 746020 129790 698599 198161 134354 118240 156134 268480 311150 238060 624745 205690 114278 252958 127750 486810 642852 169312 138586 187750 430240 102480 112165 457280 220951 419030 306773 810202 535464 349337 938680 284572 210166 109240 608032 536740 105206 686158 417737 175712 275422 155091 167870 360400 635168 142485 392799 138556 847522 741420 351158 558298 282225 517425 374625 184158 177736 724800 233146 193177 488714
653554 199876 330120 358232 369648 200584 296648 789788 177952 445800 232392 103200 306388 101218 222640 180391 288160 0 636536 732945 108722 572602 163206 240855 368433 116983 158760 102240 118360 238424 758010 164347 427470 328231 122916 368624 126208 399996 349705 275960 467584 234028 198368 753923 229591 355493 117475 224344 175000 536305 187502 294155 209630 279208 104640 202410 231570 116416 563204 350328 641815 901320 754423 146706 171920 132942 684031 232356 730240 597728 133750 319350 336844 171676 178155 771580 143660 343600 731616 756832 119548 325260 129304 128152 403996 552864 141704 423606 169377 115400 407566 227400 263900 248104 269862 411376 450952 172489 391702 470644 254524 427764 103094 632620 169685 107656 115884 116430 522778 156502 472744 349271 236364 130294 142900 306600 280918 106204 638098 388956 689742 406880 506368 493120 132914 149910 359656 355204 507208 120070 194254 141664 671050 443881 407510 136570 339016 112768 141223 642544 326872 113370 176994 148546 224607 106750 388250 259324 312948 138760 456422 195788 191485 417250 207128 396114 140950 356360 217221 241576 107686 559173 399952 115360 494874 170590 586297 107800 258516 350604 464414 679106 137791 167266 266248 115072 141580 171085 125740 716564 498128 130630 156975 353872 251130 106840 298072 516619 164500 702344 354144 530908 143146 549928 182628 244801 835958 103431 454618 217624 104405 378719 405244 672375 324604 648352 371823 705406 142914 599149 659360 321250 224236 426608 361201 224374 579290 535213 131990 188044 551152 168800
151168 139976 147304 378064 463520 135948 244158 651142 241680 692466 356728 125317 114812 294796 456998 233900 380256 636536 0 102295 100050 171957 515826 312055 307792 107672 413386 252172 204011 112936 296355 166480 279070 470560 440480 107412 116890 337330 794096 237146 280110 761500 702238 203116 461616 507575 249322 179875 543330 140916 122770 140145 375258 703784 191307 144415 411480 376644 167151 188398 295092 453830 579570 102328 908911 115336 272935 838816 275915 113764 144215 518946 597112 852717 166534 104410 466296 134832 317505 184645 117018 162708 186058 776512 375058 185176 118400 109681 316132 162192 100000 253105 844080 332696 179281 814630 371656 112139 289056 116933 119900 124490 382997 137765 663884 261168 234640 186933 462346 230065 319408 190480 154985 731584 454888 165156 374950 367332 449309 235720 190000 454896 180545 488108 330407 606499 113851 578216 267440 143934 354880 153130 877527 210187 369820 108024 305400 159130 234145 169179 256822 297402 267900 132560 597824 184565 197794 307548 362650 174868 129715 240085 268604 543562 104776 220870 201035 449520 106290 501152 379585 200282 245390 527592 207401 152503 168444 263923 185536 252537 699112 462168 178957 219904 519796 101771 359055 103552 113398 400960 137260 315640 147696 309061 167405 246202 104992 191260 218925 245844 271162 165193 383620 106858 305920 366385 407455 101224 509712 145974 155587 584750 370250 353890 194809 378640 670152 328124 513802 350824 224962 401098 226116 494999 396520 163112 779620 386200 760146 636373 703520 508534
676840 185116 183712 214304 151404 315142 105244 200662 107163 126643 716500 296000 935905 190744 100794 618364 178668 732945 102295 0 231580 499345 138475 376276 263280 333334 127360 206200 294886 679940 197152 168632 838296 779424 177488 127712 214232 486190 453440 230036 645972 632756 554790 500530 249640 334934 250588 156823 323660 147404 812416 306388 241303 530944 132409 391702 675399 668854 218708 214829 193249 294985 124768 148586 203845 719264 118090 188179 249703 661403 411522 403996 321578 370402 578455 297505 152480 135192 227743 247660 317408 426672 150375 106822 110746 288964 237400 125472 120378 717576 316132 214800 143596 152440 302242 183076 355380 245040 115715 532264 105116 508455 274570 375405 215290 525544 384375 700852 326680 799006 415884 394000 195040 658880 105292 229480 171604 110467 172992 435250 347032 245065 111776 529276 504271 463132 621560 495472 252562 206860 665020 319472 454890 156373 595210 277489 140512 483180 407944 125272 161404 456124 185248 207016 143540 540877 113832 417249 125536 108684 409702 250220 132481 176360 127520 121658 139042 212377 420320 707866 486087 339876 770156 706836 497320 522726 656776 446626 306266 169560 292324 198600 465376 282208 320159 352434 282654 597002 104767 229385 120650 547120 213256 681624 101650 186681 226585 112496 169600 375825 278290 777768 698424 208376 226352 135416 163812 224098 211944 533608 169768 487390 103401 133264 327664 682084 256858 253000 390625 118950 117775 508200 353568 113082 387628 740790 106756 603976 184344 261872 444491 246574
166528 721753 365720 723168 165601 155269 446940 303643 640918 119175 517420 391024 336220 120451 370200 140128 636685 108722 100050 231580 0 339052 139928 162622 261736 392320 755214 146980 775990 111258 165824 404302 103040 345514 409868 389639 172600 471331 135133 184816 329138 119229 570635 784980 358354 104200 297988 117425 281450 119912 280320 154982 160180 103878 264232 111739 667720 376992 363790 497532 662104 157491 397143 115405 465876 237655 200912 198230 139676 151622 100845 129450 217425 338056 413200 124960 182688 724340 183376 157123 211622 106700 123796 221290 402948 573760 128182 214114 715195 305368 239872 277096 133580 355486 803150 705625 119461 339037 244210 139900 435544 170680 521449 425296 221978 142520 252274 507218 325624 150800 194185 138506 393664 529142 459040 625596 326962 308098 103682 171208 624385 284261 132656 198616 398716 507512 262810 355675 493800 166624 878464 708173 260776 199102 249910 386790 836312 265783 532915 112585 533778 364965 130800 909970 167496 629452 770176 382755 159290 101676 256156 448840 162790 339610 575230 332126 255520 259840 555392 781250 116848 202528 303980 668578 656404 125620 483526 138425 530542 177312 450393 208000 346820 204125 288559 426295 108535 339904 183790 200746 201700 266966 280670 138000 316512 358930 316320 259951 126378 292643 449560 152644 341445 228650 119434 272605 142588 446365 166210 157387 201297 162374 851170 176139 422650 186295 123328 112932 360464 769256 838400 180203 489038 134944 114976 141829 121045 649716 163144 212216 214756 176947
245635 404984 212185 270568 341094 627575 541936 721298 107590 543424 541441 568330 530464 960223 282676 673376 586540 572602 171957 499345 339052 0 118968 176653 165773 419561 273040 272368 301356 384625 351968 400300 114960 633603 100000 361030 215712 347632 249820 171838 790206 872338 255358 456850 755428 490696 141041 183268 259155 270016 131460 214576 512104 463950 545896 236160 446550 344674 297743 629820 108319 287610 238908 106136 243594 343243 231742 260602 100472 163882 488388 172332 264943 212700 183922 178387 236052 668560 512528 302154 223750 298360 489856 131824 372250 279709 481312 460326 320800 367034 260224 332560 260888 732034 102034 221203 102320 665269 268974 288370 262306 132382 836512 257500 478368 189480 121165 209725 934834 110692 137888 571960 110200 105181 162900 249720 102824 471812 500400 526673 130240 678280 117300 405432 433476 352724 159823 425215 127485 960326 476836 178225 711830 100602 394336 665904 436762 160200 282210 295775 322870 200316 234880 545843 201920 486463 186565 627340 101564 745600 155080 409573 104884 103150 666580 100000 185260 321936 156840 951165 705040 117352 464941 111770 365720 157519 146345 351758 298378 268000 317556 240304 342970 122536 732814 224140 432500 440480 750760 304885 174137 171961 435220 199283 100785 140128 338128 668399 253930 327332 182806 350824 150024 152427 183936 491400 221146 159850 212960 193628 231180 190280 521950 509546 571120 305870 188541 119389 135154 139614 275872 426755 367512 283750 796870 197266 243383 125016 305857 230662 186464 185269
121406 840104 208300 163460 377200 249786 154708 184599 263134 358464 475192 148348 115024 121731 286864 106936 767757 163206 515826 138475 139928 118968 0 720620 160112 830860 228412 222499 602740 509360 197179 264775 359080 117028 310900 261315 305552 334143 104792 103500 136008 312850 218250 400375 279193 374730 391508 484468 206272 140392 204448 492553 113424 447125 200762 402641 115494 637897 966418 108162 156580 113925 201948 399552 243397 579439 615025 690577 573432 124543 723492 154675 182160 140736 307473 145684 264832 391654 584612 281624 636137 159775 102032 104368 655390 242142 244180 105978 139816 427414 110043 848874 437264 115168 152030 143008 233996 266860 201210 268170 394814 254875 266491 152390 415480 143152 440727 103888 345514 341362 116133 749515 298000 386300 335883 605519 413788 455950 516320 188382 198208 393550 670843 178776 762891 231482 851653 308028 285808 273442 375286 535464 100000 216154 323395 185722 257724 214390 113950 384695 205925 396478 102280 528556 595638 128770 124192 252256 118480 176680 106474 277152 515510 209414 212945 427385 218162 129856 187904 328726 113845 377200 120907 836786 364718 108151 486157 815491 283036 473450 246734 332155 113448 529990 353296 241588 114229 104361 635000 703680 586180 468726 120770 461452 355264 140581 483670 169660 104606 157300 285975 229080 409852 272894 227170 105588 268436 399886 188760 267790 175192 165631 728432 318686 501200 124475 136261 522343 501421 198668 787660 318788 189693 271281 199567 240976 152895 109834 119280 224904 512080 324768
330832 243724 110332 559375 253120 242524 115312 258730 271612 113608 349484 348880 285808 188320 366926 149982 135640 240855 312055 376276 162622 176653 720620 0 143349 526284 222249 292035 100399 255175 284314 377967 511136 261091 134650 284141 276517 794312 241219 642136 202942 692153 100047 376575 125641 320480 103062 348830 473612 428860 167744 141808 729764 335548 138300 351027 126128 451808 266760 107191 213344 313000 207426 598686 259867 168730 171743 101152 657348 366430 125422 213960 112882 146410 127018 180073 112376 552276 400288 208120 757315 283384 180620 231602 134944 229540 143130 189892 178186 830250 250972 293040 473275 778040 718930 394060 225652 575260 122365 350158 112932 681670 125760 224928 447624 185050 434908 345100 147879 189769 111430 241372 410050 122671 427150 112525 585694 120097 474976 155136 159850 196060 139648 127621 338551 460542 677152 237696 265528 263430 657466 547453 119228 389440 365980 278707 501908 220622 703925 754816 123360 118400 151660 114175 361640 763075 792728 260732 612975 165805 345026 104675 560000 254518 158940 175684 247744 251125 223012 643879 306319 680215 171145 299155 351272 593353 128308 172779 112956 593400 182056 311470 355888 290943 117825 153790 173086 262750 142724 261538 357460 818030 927432 102048 594460 100244 406335 178264 326820 711840 123848 107120 106391 150670 151301 688240 188206 288958 139899 299800 129008 121204 372170 191922 323650 162708 211328 122960 172704 285018 118584 120196 149001 422899 226820 502876 313408 267049 156832 265261 107252 445450
491230 226549 114691 735544 547720 363074 518860 152480 191808 292131 126741 283768 490879 228160 132326 292924 754368 368433 307792 263280 261736 165773 160112 143349 0 610212 143904 318025 206590 141192 368074 155044 186673 812368 553657 579616 245985 709057 500520 420040 309340 140089 332736 122188 151865 344024 157681 244534 238074 205723 275676 123460 670624 264226 196324 776445 184390 669088 270177 460728 551780 314400 143848 129183 103090 155524 354092 623180 214140 335125 307834 802720 188046 208234 172964 855933 133750 351812 163180 301840 148790 273030 941033 147558 132296 146752 148737 136725 127440 198864 166384 146560 132736 410400 161232 142606 509741 320904 209736 546367 135136 368155 268960 112702 331570 443154 110835 285562 742551 369042 306460 298288 546091 578860 394300 619933 196912 557710 125194 565651 431155 487225 106647 148975 609646 712480 206752 199328 129892 528653 154240 343945 595816 226900 218184 126696 432664 201439 199000 115904 179597 352495 100000 150470 165849 240113 292984 197185 278240 165070 310633 133354 102222 171440 110517 142432 197149 300499 269832 115768 260737 526726 136828 399840 374607 244448 119758 683245 218766 568264 272916 335170 105474 203474 272805 386722 442108 142312 333184 210779 150844 127968 179920 130602 509860 421216 194612 368240 283744 288094 858100 524060 816352 464704 118616 103784 240718 234241 238600 104428 425024 105525 792405 140768 121920 531036 333226 361876 417568 445748 345100 386900 337503 319055 304057 481762 108960 231145 177988 121420 114576 166120
