8 7
0 324400 227942 828042 355850 809020 584500 295858
324400 0 706828 261196 103144 187420 363042 194392
227942 706828 0 783132 219286 193720 150046 270022
828042 261196 783132 0 140446 224120 222040 129556
355850 103144 219286 140446 0 283814 685527 107366
809020 187420 193720 224120 283814 0 306154 646125
584500 363042 150046 222040 685527 306154 0 329130
295858 194392 270022 129556 107366 646125 329130 0
