213 79
0 391648 668960 844080 264844 270550 377761 217000 113860 489500 355312 184816 259805 511640 114556 598568 464458 326086 298704 677800 242308 304960 272752 340300 276871 286837 358192 461518 475624 174214 389420 618847 144238 106966 419872 562000 439730 199990 147842 154432 114496 258420 194848 538999 409396 142432 291880 301008 300490 679072 270040 453548 728749 788200 542016 617652 124960 582112 208750 182080 161975 214624 768720 129344 483736 182093 906472 553924 370296 166822 241742 636800 397108 359350 298951 613450 123142 247736 491600 736648 761700 189001 594715 270775 105880 448894 469610 599698 184095 345374 297262 104230 479647 312528 357439 112291 169003 122830 802298 456980 109294 106245 234037 484000 523638 499578 354800 173890 494955 278600 465680 190090 270884 165016 192204 175366 119404 198824 261269 152470 169420 102316 298749 123452 182733 512992 257599 420790 365230 141151 257941 122880 162592 250192 350750 262250 777820 473455 466739 266896 455719 206488 106228 524270 884242 285232 481990 374135 228037 133880 256200 309152 127189 151240 436285 200465 317872 173229 115894 801215 223319 789580 246674 145990 417440 150512 106408 235240 380212 454078 119656 441415 543722 179990 109455 222880 345700 144526 332716 101035 137425 173002 986816 303980 671155 750272 176638 151018 143092 370692 181150 208560 154670 152668 160416 116974 295552 186832 153004 110024 432514 205948 141706 560280 811336 101004 466218 339904 470230 427120 405152 132319 108246
391648 0 584972 317925 301620 188092 219377 553792 101662 146460 240855 230949 244039 412280 124476 482050 309527 501863 130264 270680 567125 102146 252852 343100 445254 111520 500989 356513 442012 548256 198373 135006 176905 577932 182718 221545 113192 718760 350260 414640 828643 218494 391560 214450 255496 110545 423460 527310 523827 254700 268084 356891 706584 158860 622319 145980 315698 283540 439832 216952 105374 124130 302020 278105 108955 113308 301996 310903 290067 322952 199440 917908 545275 306132 904960 442108 510319 366400 163140 299496 372613 119224 218035 586048 121504 134918 492950 116340 111610 507928 699804 578632 101047 498199 106672 155900 639552 115378 312888 845216 188803 205302 174643 352875 249520 150778 342208 787880 343326 245179 617902 484030 422080 520532 113386 526870 106720 104740 350702 216057 272556 438952 105764 595524 129987 718666 170704 276368 367720 979942 227167 643456 102834 589512 300438 100595 265837 134476 311554 807070 168263 451441 297538 157750 210044 112104 488455 683598 519839 453556 273340 543235 194284 160984 290806 151524 115360 128552 184316 657433 104424 383668 766660 159480 101848 109170 496055 248200 535540 625620 303939 500400 504128 663328 229105 189586 249850 168904 191800 407377 115568 502900 106507 160078 469075 146112 391540 100000 119008 140749 123986 774970 113770 166150 385012 696514 596564 139852 287695 105382 136686 273056 296860 286155 426655 165934 135770 116650 674287 114320 453418 152220 497917
668960 584972 0 343930 150856 214304 117822 162460 513599 896575 116745 275720 113170 127761 102086 275684 585523 639448 396838 338032 119162 521751 377053 139122 150274 131108 862090 458924 260928 123322 143725 167599 100679 267619 240798 134714 738720 242272 499924 104560 211240 450523 161093 139240 115624 140008 708854 846460 562315 123220 400664 273808 744160 342000 175988 109456 133810 431744 141415 601228 769123 142295 187348 236896 360442 394060 114152 706936 255574 558430 109860 171520 483539 184249 431092 140782 354031 129739 214546 196426 261109 946320 643917 209494 575500 148030 182225 141340 158515 100310 206470 109214 100708 398116 101757 671872 441408 809044 180828 105676 125575 668232 605288 117420 153768 235000 110998 661932 155104 762948 132844 177064 791752 365042 890305 109675 100286 170932 700921 124864 402064 522422 133915 180520 108604 321680 248132 163284 263440 440746 393150 196836 239200 199216 215893 102226 170692 209382 216144 259460 479490 129724 317170 113530 121320 207360 239405 341190 586336 606880 618340 193725 117442 100695 469616 152722 508332 165208 105694 333430 110756 271570 178225 103740 138550 114464 130001 317116 335680 230355 105256 101666 293908 342658 330928 869440 130495 130600 226650 599751 248828 133033 525628 134118 369216 219108 111764 119680 658540 198651 276391 431296 382072 146158 133434 219818 134998 129290 101552 370540 108544 414712 925003 183157 358422 106468 252010 516331 485280 206392 527050 417082 128960
844080 317925 343930 0 186080 198120 426427 416407 619030 199170 732880 197944 126068 324224 639821 666846 405435 240170 150652 675463 434965 108250 662185 690640 573000 161824 202672 426850 187567 203964 592894 333088 136656 110235 638945 130288 276046 338415 198384 633715 417912 730099 777976 142476 102547 114694 120304 583882 703687 325567 335648 165858 117820 303210 170208 164009 267006 684886 833837 566949 162968 441836 445275 147499 342649 660340 263795 565234 119584 303595 180964 164260 363289 551980 291498 372085 122660 349696 578478 341924 582257 145537 157250 782248 529284 813691 511180 133462 101740 289926 489670 464000 171946 473974 682282 148235 152812 269397 217750 650069 127390 371425 786052 566933 131058 109000 101452 112914 252691 245530 130492 210109 243500 535564 170446 283804 586783 505978 122320 112614 460020 507946 445564 896554 229360 329600 351940 163024 253318 552595 563186 127125 173444 110932 493660 677222 183252 111016 254660 553083 194878 770016 179866 210617 223694 186620 180852 408583 242066 436141 558694 166284 132480 198124 101848 398129 496265 141340 421246 568234 106372 484410 419032 247378 924220 191118 124647 216032 394030 527535 387385 116513 145730 128930 106993 133280 352756 225488 168202 100858 259360 182656 383750 244976 129740 410911 494568 117000 455926 119296 245079 659602 198245 699912 598816 357438 124376 129524 228278 539257 706756 534214 121936 103276 279340 329276 719200 177259 102695 179640 494196 490288 123643
264844 301620 150856 186080 0 625536 183655 647836 458830 215291 468628 620974 797624 270229 286438 643576 512321 287612 641150 107155 640792 134062 445256 150274 105373 105208 228352 613632 514495 333752 589648 110106 607525 183824 356824 228128 197440 232272 409170 127672 878778 138160 387447 132560 133598 104032 717644 120306 218800 626536 199876 302911 374495 221408 456532 502318 215665 253532 248005 183394 234787 282195 382852 113572 216802 245539 155460 238039 300575 910592 758030 431500 384200 118309 497404 383140 247798 167596 433648 129998 115463 783145 302608 519378 460192 177089 198571 147492 548723 455775 100381 353618 825112 127380 564283 507403 753277 423136 292766 476808 356592 600152 693775 676072 382720 379620 277848 318152 115568 817393 143754 131314 187620 406180 575376 334260 245044 113908 220367 526009 252256 168798 475314 571750 367337 107312 225788 104026 467650 172090 558458 386456 134339 509640 190950 134236 229996 118924 237655 498208 105920 267969 292864 497410 764956 212895 831838 731620 136423 669850 247120 162776 536278 227748 735992 625350 246575 404486 178336 295472 546794 696099 556344 180700 606660 191124 783200 432253 438670 139061 801316 286120 645559 401675 383360 100000 637966 133300 285136 332656 471231 102475 205225 389170 579227 105278 488944 110065 135720 153406 522280 119630 199567 175274 400564 742411 622076 399728 523680 287920 316880 382740 179800 474103 456520 215878 196785 522849 278158 195220 614995 379096 368233
270550 188092 214304 198120 625536 0 242535 281722 307133 745876 258868 224916 174022 112402 343152 784580 210357 277960 225670 560792 404707 787648 935592 629525 303424 664586 605152 331260 288670 231516 103460 460144 261045 289608 185440 395865 297812 804904 591808 465056 487696 548470 263308 257550 212984 512800 671809 599539 391040 242641 905910 131372 528688 101046 167758 546246 675340 186830 355550 393678 552620 479941 332140 122715 239080 245542 100765 676400 272536 161512 104181 463000 502402 306228 127676 212911 874576 177044 782380 112028 580924 149259 308750 544246 357697 192435 564458 146112 247244 100000 230935 707168 314057 652768 123496 142705 193879 177871 344440 746152 694486 327286 411802 134944 104030 555712 227449 278600 232804 151387 137609 310488 252145 311992 172436 345340 151179 668400 145702 289750 107160 303000 165780 598719 146209 540440 690590 476380 138433 719650 607528 162601 322558 493926 509870 402750 195600 100522 104830 124903 398320 132760 709609 854325 282600 239178 336946 397300 134768 581520 374778 728946 112699 480370 370088 361568 147936 670447 582177 110116 138900 292759 558107 156295 100000 400240 366409 160526 372958 227296 113851 225796 212180 185749 375216 577608 395358 298631 201780 133002 100840 108972 400729 193294 319186 317564 569476 347900 122715 227375 129288 183250 289450 102280 581880 828828 182353 403892 334872 155840 827364 283287 301072 354898 287986 395740 261160 592654 156120 413920 103045 197342 550016
377761 219377 117822 426427 183655 242535 0 143424 145753 185648 128015 198560 372304 119950 115194 516109 789562 248725 107930 150676 193456 131420 137497 515668 563617 187210 123864 192016 293024 294337 214912 538000 592898 545689 106314 151840 272482 145780 129463 699200 138475 594837 111284 287992 280856 551400 418276 545222 225294 205560 291349 152380 277940 189784 108315 572556 237100 502205 130104 149940 108320 164196 117600 884930 340894 458179 129834 114720 478015 126598 107011 221644 772282 779467 339850 131248 237228 226855 235150 132357 471700 167140 192502 173450 782378 553556 900800 173005 171514 374730 245871 607882 104480 366815 577129 151462 260468 205028 133264 505870 408502 735284 218400 347112 180512 113110 394224 414982 102820 677071 353674 166150 218240 410708 461893 855174 313400 584220 103252 116562 184568 306025 620085 680525 150568 102301 183977 331000 151772 163240 148861 295852 100000 103900 103913 121980 705625 203854 227348 176544 105208 531232 337015 180388 555180 111049 184600 122250 247560 342750 172890 174865 364264 234162 103192 402604 153125 244420 102760 121980 714400 544882 437108 260170 252520 189948 571306 445774 439984 215506 480120 250164 396933 379433 338975 206549 192568 173500 104081 818952 940956 594092 339316 831574 213275 349849 253360 340578 311140 124480 188128 396217 476728 540730 511264 243451 513325 161826 604480 291800 152374 586809 365205 237921 552598 122570 100894 173692 112924 129698 100682 405492 147925
217000 553792 162460 416407 647836 281722 143424 0 259432 131059 185848 176995 522492 222460 330187 423731 284106 236416 127120 216370 216312 168940 487413 142903 222362 343768 602532 347078 203879 798958 818585 192530 201568 209209 275972 457000 635500 232993 651033 741300 173260 466704 121930 109765 436336 113020 223050 502116 101178 223114 107896 421255 516411 112168 320500 147704 444964 370916 346784 330510 763462 521980 120475 302377 352225 228936 118688 475888 854026 596056 398433 308560 167914 346980 120217 371082 167275 125410 120559 484780 376676 245520 217453 237319 537690 495370 350992 246944 143836 170490 244449 795500 631834 111032 152421 131815 101862 329548 253734 327672 767414 554196 123263 235000 141891 357176 168820 825870 544437 346675 343535 851104 591754 168460 271769 446521 222265 574176 221743 453360 201388 385775 146400 254470 337758 118568 300020 817574 309326 149381 173848 407343 370648 355028 166674 255976 505153 506557 107020 102976 166144 115372 402445 284480 404128 400375 257707 104048 371700 196408 466600 128408 266108 216960 106582 712431 712140 132148 752245 257868 183076 254331 201442 384088 380825 152380 449680 335152 587458 650822 235915 270912 491902 294756 406544 351580 140664 204559 479168 290938 228905 222148 150274 218300 331610 121721 155720 667312 104077 424336 532744 454347 463825 424564 955712 521441 248712 237246 301825 359915 309622 442084 246120 135092 543418 535974 609550 147817 659770 103177 412684 487430 804080
113860 101662 513599 619030 458830 307133 145753 259432 0 322306 279988 231556 200828 111630 141496 151405 103168 146800 194061 567808 150592 357040 100588 184488 170928 129640 442504 471106 357121 391648 376169 339292 141748 935905 718800 133300 187792 244246 316945 493056 338854 129725 161500 301690 188236 482200 382492 245359 102211 304490 196585 578170 406393 588988 749242 515536 345616 301800 150934 116300 273043 538048 498827 553658 548578 368320 242704 611119 103000 362808 153048 669525 147388 250447 452286 276605 187362 207200 644323 326440 881756 461228 274717 714159 448540 383300 151480 674750 127378 122528 306924 298432 171250 221788 579744 779500 565024 187091 340540 209880 555994 174499 629584 737330 298660 252930 410385 493260 117174 144528 665760 127206 463255 645049 573250 184260 100402 126616 218956 159278 469720 193092 691728 295570 154614 171012 116856 399131 131460 123622 287936 577360 153184 344215 778509 666841 232054 729010 281792 188690 887060 358766 158006 421516 489418 850824 134788 333454 384082 106560 540902 133896 111178 240920 586966 637240 186000 752315 387300 261343 512440 117676 343800 486496 390325 615554 114769 287200 687520 137664 294502 893800 155386 922755 387164 377083 285297 134748 709936 214268 244000 373768 167184 437722 351624 253935 377200 286714 158240 434660 537451 102736 490239 609534 158016 190984 122800 266212 395715 385750 109614 521830 106613 152465 433060 302536 205456 463594 316240 339364 345817 115694 596480
489500 146460 896575 199170 215291 745876 185648 131059 322306 0 130081 522775 250060 100000 631272 388990 133712 176358 384054 532432 469352 115135 659816 473282 291520 870820 114126 277768 137071 130555 270520 461036 247645 684184 215457 570838 390962 348492 153738 100292 528340 483259 141160 149131 141992 112192 193221 180682 186436 133552 115312 658670 330373 475753 143286 111690 653185 479389 517248 112480 163342 548449 174144 359488 396240 434284 127666 239308 453940 124522 170892 138180 140545 616800 105776 158968 465909 200833 116940 522148 121556 196000 477145 778456 190306 754000 352054 220332 540964 272605 510345 602521 722636 742664 116194 443552 455431 544150 174704 394848 220600 107200 704187 119728 496000 280362 136162 125020 465034 594160 202896 214224 100000 146400 118231 524908 745778 842896 110520 687050 508135 340380 126660 558136 324400 324170 293274 248500 284002 205994 119269 273970 725692 228340 101770 297397 154000 448155 446566 455110 518370 129295 282880 115060 242080 285850 131050 738066 337056 134643 271272 112469 792476 442510 208612 100000 550060 366265 838913 141130 163603 406540 119364 376864 123044 581353 161479 195872 340961 434304 225457 455250 526060 776608 196160 420636 331694 195532 178792 779776 211858 105676 104959 112540 313780 218030 343534 121637 217312 782318 306577 738208 300811 122092 303058 325150 428168 412585 674896 255832 107130 328438 108912 233630 109285 190640 130975 357012 102891 404227 567368 222324 211888
355312 240855 116745 732880 468628 258868 128015 185848 279988 130081 0 850662 107992 728230 119392 138610 200909 183472 292060 401032 712560 349634 181809 498200 149731 765680 239400 446480 469528 100855 681889 548036 197536 500155 115485 269237 303775 187889 322723 477349 152416 462180 187763 557171 199864 925561 250024 112529 162900 133966 399040 195040 109270 232000 123964 179804 110505 143032 406945 125872 477216 141724 273166 203140 129328 183600 163984 483960 699616 407398 419605 188972 233905 531550 179424 378920 505004 139042 185285 114355 290098 303060 581008 135100 282499 311044 472040 196750 205840 208284 637628 540755 171936 180685 472372 123652 641172 280120 168775 683200 670312 107524 495160 217420 108946 182708 158140 334837 240875 171424 315385 125490 622588 622442 174555 115326 223102 427810 476350 206860 136102 172380 550855 529000 357712 197016 277190 360967 594676 336280 461305 109525 105691 101075 100130 125125 151462 500628 244267 124966 116003 297758 321364 479075 157084 425082 558496 648580 491040 100736 117820 247672 537186 349996 598525 101044 137825 229600 457600 109996 177830 153045 430400 320409 547532 129510 144250 148639 129024 292782 547948 374950 107686 197194 292335 363054 572059 368296 105256 436062 185892 246604 182140 276346 349389 674002 374340 198183 218158 346470 493711 309118 391450 767766 130420 347435 730154 678100 174382 441492 368602 134935 135802 272028 214169 404732 100157 451500 110800 252460 118124 102610 709600
184816 230949 275720 197944 620974 224916 198560 176995 231556 522775 850662 0 333450 139962 182270 134272 431056 349920 380330 397542 558652 667456 599140 316351 310930 101488 181408 132350 228128 119458 162680 423136 155935 217504 193808 170680 683857 392000 781565 452053 258562 287050 154240 167200 253360 472068 261980 534302 492445 109900 288980 220780 183580 112280 201530 160192 590032 151570 354458 925162 116016 132565 134944 431266 692677 166990 302308 382600 115176 359072 103024 159170 512360 134486 341920 113125 838067 801298 198262 308408 260608 120860 111280 174496 345575 149920 849955 515214 423856 513177 210976 163840 513082 455961 649780 256220 216034 166366 168724 161100 392235 105568 406743 113845 170896 252305 294910 106000 117632 252576 590620 138525 139744 205256 267365 348004 553460 556976 809803 187360 354628 251492 535760 621620 253630 156004 869356 196064 252984 254160 775360 798464 418990 158725 102436 259618 832768 225398 298450 489388 134320 138500 197732 504982 373624 615562 344725 260720 126989 390970 191872 113902 573220 236383 182944 120064 101963 509154 498950 164925 129003 456752 128314 247552 661771 535825 119264 140259 108100 154901 194470 252988 838150 117602 607500 150626 266698 645628 517690 387100 160756 193898 622225 230052 170730 163726 262316 161204 200998 238204 380900 285220 356158 154180 159444 536044 256728 162252 271988 101806 719506 108625 191630 120224 169174 177440 463170 213620 300560 327640 228576 121876 178192
259805 244039 113170 126068 797624 174022 372304 522492 200828 250060 107992 333450 0 100675 246940 557325 133120 693164 353762 743405 241419 276040 332624 389703 346568 157784 215840 259605 417900 286867 245576 233364 180598 122896 215687 308620 350848 605440 112410 132181 138895 316711 736640 245860 116318 129064 372064 170920 681568 118495 563590 427782 504056 290469 465928 232668 120880 693180 526618 157024 217369 148825 183661 122220 100000 353624 248352 238040 153273 144625 420480 251470 130624 105676 268158 167913 140608 197614 285941 791942 201736 385600 208732 310883 187879 334910 219286 189847 640654 438754 155624 335705 337972 614044 145018 111070 161716 350770 111750 106524 391200 117304 284764 227765 313559 159641 210162 127450 273775 154360 661932 521437 340097 207670 208264 376548 210976 492160 193483 562330 544906 513835 276988 253985 607780 622560 265900 171708 124752 100000 348832 223690 160333 881380 275260 146158 129475 186400 444652 435056 177895 489281 523729 495380 289618 681462 466768 109108 155223 128488 644641 310714 280621 312134 174169 363805 191000 110080 294820 385496 116994 611948 473460 474975 141760 478859 673916 897385 228338 299724 105742 617228 100808 385968 136966 443480 301498 586055 262260 120016 293742 293030 272278 101881 278842 313192 155500 103795 221730 184217 515896 209446 237160 101106 253860 147560 128118 425215 133306 182732 244126 492488 504608 610504 437925 212674 113561 607232 256857 155420 731579 444526 159156
511640 412280 127761 324224 270229 112402 119950 222460 111630 100000 728230 139962 100675 0 717799 486058 327328 132240 541785 272530 165460 294552 118576 246916 231544 181346 265024 304045 467840 317760 138584 180652 179449 368800 213472 101265 278365 218011 195580 651100 811578 140068 448783 407291 463188 354448 378460 256769 222220 155214 259942 368550 534538 813443 496340 101968 369010 440104 214954 629396 456531 199688 715777 417968 496270 117628 336624 123400 188711 150798 111960 205492 583280 643864 201328 390635 127540 192544 634082 397435 425782 267409 342760 665138 554356 482032 350170 210494 316192 100000 183850 312760 106066 165648 119838 322642 820545 101653 100800 190398 178890 173304 158995 374290 380364 131880 364735 101364 145540 726232 470703 131218 229843 280786 186062 612082 236710 144680 831665 828376 287143 199280 188911 100342 199127 522487 203474 114190 350952 561360 187702 543352 321247 661330 474618 172416 121000 488155 301481 167115 102180 543993 229248 120530 638608 601237 404836 125534 420640 364132 339232 113334 122560 349579 198679 109135 515800 112520 644536 354140 291673 115540 333220 141160 352351 870995 264405 139380 182467 108316 455355 452584 515036 335883 303796 265960 625460 330022 455344 133855 107650 130420 282368 545041 255190 265906 329805 443609 293420 345100 560240 204882 228652 491897 167140 931168 750950 775510 844866 908840 619726 109620 234640 260771 211252 308800 108640 172688 154270 180006 304575 113872 210670
114556 124476 102086 639821 286438 343152 115194 330187 141496 631272 119392 182270 246940 717799 0 234355 121750 588880 302191 421141 180640 433852 105978 347080 238613 284924 578785 650672 249572 126855 139360 225466 435673 206736 124066 778298 241083 155676 514848 554064 332050 193806 176780 285724 122176 205328 572850 597000 325929 291312 314455 152136 132364 148160 151940 259936 156244 323080 105754 229850 144013 289728 125780 110670 756544 270375 263965 118552 163668 424966 207576 307957 112368 143340 188409 667825 253178 594592 304424 182560 184118 310693 789962 458872 201738 245920 254833 106498 276670 279340 303009 300200 157456 150512 104326 208335 450424 107140 107285 406694 189316 139558 103818 641168 546824 188464 421904 327345 430395 395236 765144 454288 108990 317921 210460 206100 184170 555415 634057 152532 142015 398298 726944 103051 146256 432320 767821 116856 380755 344620 255600 113363 103876 296875 157130 556396 776634 824064 218026 147750 129172 751287 250678 474205 634600 107622 414325 477468 148705 282468 183655 354592 392457 294530 399661 100000 106489 116324 109990 831900 592528 161103 503155 132175 376480 290512 257738 113516 424084 128382 189520 126256 278242 544600 105392 239118 264349 203824 189614 198948 365928 514780 168742 146160 490880 279284 784450 129008 128125 124156 178532 226420 459568 459436 679642 827030 103108 406130 308386 191256 268560 287200 423594 100056 139516 110481 347388 109066 479170 289924 580315 189999 165477
598568 482050 275684 666846 643576 784580 516109 423731 151405 388990 138610 134272 557325 486058 234355 0 108022 133460 105046 268032 160836 121605 244525 204643 273188 326233 298107 129700 201556 168790 175992 499740 417837 125858 497978 168302 296295 133936 130176 262084 147628 193987 812530 116900 360680 101309 105174 543020 426898 190000 544015 758144 144712 190650 467744 568980 229150 144032 121320 118900 182544 202810 213841 492312 295510 348520 162064 314758 112565 163220 210055 143900 834280 959940 216466 446440 401213 649780 110725 263875 134931 621204 365472 100792 167940 818613 582676 609248 291284 307900 112282 834506 263558 110568 373884 135666 173427 336988 385882 128938 465016 216865 513556 598200 594496 623833 146825 469605 181627 113664 573280 297775 337167 142744 591996 292864 103318 189280 198472 472645 228128 537016 185800 580872 149632 716595 312628 706760 183658 705220 408712 370300 220888 417988 458440 306455 122862 684892 174621 846900 100000 287000 262056 111438 638150 105014 122599 306815 564140 619141 133292 486169 508540 239035 391726 428790 360930 108579 190045 527440 120384 179546 234780 114256 134089 270687 100264 157120 158232 603458 140500 462198 194815 828893 586648 582034 162745 199300 966987 312868 673888 184409 145985 137920 100000 302630 107470 207184 170460 134114 125800 131018 578160 384383 136720 275369 200619 140689 174727 408200 833096 368652 155860 120286 153912 503704 254548 438832 219430 512528 304820 175998 133033
464458 309527 585523 405435 512321 210357 789562 284106 103168 133712 200909 431056 133120 327328 121750 108022 0 282156 381319 226888 217384 153436 141712 198850 229360 126781 128160 263976 102504 369943 654688 230440 164260 259096 374782 327964 259777 494695 211666 638837 245262 129142 272608 169654 696085 292166 146314 119003 223930 500799 245656 121900 814798 217261 150206 575887 210754 183248 685216 234138 239689 275625 148510 698217 271076 123820 214310 525880 126712 239104 348115 589412 846328 530254 446976 409504 119557 136585 106405 321958 334060 241825 233515 141028 165300 806374 513130 179025 259012 285546 755104 337168 795750 219274 109724 253476 128168 347878 679134 921370 287833 156544 123436 159352 377634 181982 195268 443590 532915 100595 338554 638608 356150 187264 360311 180887 168967 283180 143330 224208 802999 840753 104176 203074 311068 442216 807521 102697 297492 376696 126560 361037 364220 400800 706100 284470 629643 109048 156784 461620 264250 447412 351316 587230 160261 111394 207748 720575 501104 239620 134542 657620 520875 477715 103948 295285 363670 283055 180750 125396 299208 101340 104022 164896 206785 302184 820500 257092 418854 267216 228820 155600 166294 132287 362685 562456 480324 213124 151678 469606 217760 171750 114610 251148 135496 733604 120592 475840 499093 186256 109632 120736 191698 414433 250288 214057 391620 197020 234820 165682 347020 100300 130305 170091 155692 713890 131864 576784 491500 613765 205570 292238 365005
326086 501863 639448 240170 287612 277960 248725 236416 146800 176358 183472 349920 693164 132240 588880 133460 282156 0 330265 424706 649990 304841 555124 292096 596128 140698 770752 128379 426211 114092 425128 452092 765260 364017 571144 757118 126406 357840 472788 175856 336300 242416 175348 601424 157720 406222 118972 661180 111183 582445 460563 159360 434263 198790 104984 383398 485581 283904 508187 299665 150512 141400 122656 483520 450374 384445 428158 104776 606900 461270 167963 796915 100000 307088 128350 133600 279340 177625 342484 256746 630738 226111 246146 149464 401930 932888 172750 418434 412825 142350 133939 345820 205242 259132 149490 364812 490630 284758 161494 114934 110760 826813 167032 198637 675770 271303 460400 126884 250381 115040 297728 686608 118486 141048 179555 377824 517392 192157 137648 142585 129807 109312 679669 258004 518535 399922 439096 287644 143560 193951 695983 313312 209538 108512 605448 944844 714230 103172 493204 160435 119530 375100 425105 416316 808840 606892 847227 585406 590000 664134 661330 103243 142228 178588 238000 654664 360154 721746 207484 242738 517560 172765 189946 240640 212392 115946 545400 198716 437292 674490 146109 150624 113335 503900 286230 219125 337474 204160 229332 446977 399150 219313 257976 377848 664480 219070 288330 296044 128530 246765 191087 193856 506503 196426 280500 526028 366916 238240 341137 239104 247205 180950 313928 576016 261510 786996 187882 126460 245754 503466 678160 392740 176440
298704 130264 396838 150652 641150 225670 107930 127120 194061 384054 292060 380330 353762 541785 302191 105046 381319 330265 0 165136 158797 338735 462526 729292 112586 546669 324080 126970 435124 265816 201376 102996 411532 617461 174152 292208 118676 231560 138880 249149 452536 323958 403820 271306 759802 159850 305212 179473 690400 205551 524013 177608 238856 178975 198696 524960 758470 524715 764930 256317 147972 156759 201244 131476 207355 114938 267960 308854 382975 163909 317300 130510 191698 478005 203000 569900 915262 204558 159455 157596 103250 126468 514160 183538 159384 272521 379900 224984 203716 400570 633281 235245 306955 603876 159202 536386 204675 644698 134538 331768 492160 723952 695525 252460 356280 137056 586881 485848 128334 224939 189182 252279 592185 147380 138502 218158 545566 191086 406729 528160 238050 197428 482272 656023 375113 129464 230144 263872 275104 142947 178338 536156 217986 454811 459695 182283 130498 320524 289203 225874 175012 638784 637984 674718 189838 856864 417260 580816 400580 351628 278920 146208 575940 301040 222622 305530 266502 297895 468754 267063 364753 166990 196480 331894 352486 346600 164296 133002 321265 156588 250624 544590 115946 319429 145900 237059 629082 393248 396703 283326 103745 180358 837187 357560 749968 172171 543422 503886 109486 100299 177488 644908 305530 378731 471228 133100 719866 467360 221770 188970 104086 276018 202120 630348 118200 208680 361568 283832 121009 146772 556057 257638 355332
677800 270680 338032 675463 107155 560792 150676 216370 567808 532432 401032 397542 743405 272530 421141 268032 226888 424706 165136 0 580212 500520 197656 262180 235876 313395 324814 318541 313858 101908 338800 294472 449979 196876 194572 290080 383620 773670 113500 101692 129970 147668 480314 148060 107632 160270 307009 133320 598873 491230 363176 292432 136707 389814 156392 474697 197155 334622 115616 740320 206056 127166 574367 104862 171921 868150 428776 782916 192232 226900 142060 388187 214312 100000 124360 457786 124396 575545 147160 195484 408340 181918 130840 231560 840936 299936 115478 110458 154035 106969 738554 277762 159130 746488 102079 442188 481276 137648 408266 346068 559404 390940 158695 130264 403150 626262 161560 724736 484712 119584 463802 649376 257192 193888 206575 488692 140136 192138 148322 215855 427150 411448 112960 326632 132370 509299 862945 171250 291820 303360 161225 361261 576325 319648 227725 333802 290971 319368 242500 597840 108853 340363 252904 672475 252110 609355 774656 288622 663038 109324 157564 214653 144100 288760 221920 445144 113908 180936 368872 527963 501700 624750 363445 238924 256728 187120 685480 414175 588835 240140 185650 329160 188877 108374 136520 293384 171476 133750 571938 809786 489725 822670 158824 204608 270430 141374 118600 521090 594501 154464 141856 188825 570448 338336 585255 250416 271136 476138 179812 178432 218313 313741 247486 663332 281794 169006 380434 108820 311584 123820 119844 119116 730721
242308 567125 119162 434965 640792 404707 193456 216312 150592 469352 712560 558652 241419 165460 180640 160836 217384 649990 158797 580212 0 112720 242383 572500 117784 336236 161594 180385 102086 499012 127531 263000 358956 238512 333748 386407 159740 420823 269500 141895 330384 158806 369280 174236 106875 101518 137389 341289 255710 258382 396608 423519 323938 104338 378982 409042 114784 165552 142084 139942 295480 135150 718016 262382 726145 113455 157230 741664 818154 218503 547456 270872 490060 406342 286180 657280 162918 703153 528457 165934 199110 801548 116506 360512 649798 121552 100420 243737 363466 205768 407020 126892 579226 321182 377476 247501 522920 104556 407886 116794 370130 192456 502270 171272 176692 284728 100432 506802 184822 503942 344103 742048 110780 642984 172068 555490 790732 288415 383678 299230 148132 117440 455569 316007 156761 149493 109179 401081 191476 124265 408937 136352 257102 676240 308184 764620 585427 114433 202480 287026 274155 241848 100386 165892 309884 683835 296704 155132 264703 123184 431704 132505 248560 518803 822700 123674 330920 250288 209242 225035 709062 661264 139843 577154 159856 104306 214400 379180 543625 558397 247390 468638 464781 457084 366895 264340 784940 272645 299750 124246 155260 224821 567886 560020 107161 436753 189965 102263 161425 487945 550162 412106 392800 183592 125498 112696 158374 461550 121996 188733 104356 142804 157428 661048 229060 171300 655282 567880 426550 363220 615052 217986 260820
304960 102146 521751 108250 134062 787648 131420 168940 357040 115135 349634 667456 276040 294552 433852 121605 153436 304841 338735 500520 112720 0 345944 755605 621997 124904 370738 672509 687016 135148 381190 739188 112096 219360 107598 659555 308362 587492 406660 860240 330405 119905 398683 241232 824698 131040 116184 224982 117391 326187 151425 132890 139001 758912 106480 570225 290254 603550 210725 118335 108052 157672 392300 221160 108418 348000 230634 625030 110509 209826 622837 461452 156544 642248 193450 344890 762652 637812 311310 182215 343386 195036 424198 135742 428536 757846 191812 517039 608521 409393 303021 142432 121840 299760 532390 912224 302492 499345 259160 563360 814472 100575 104218 122880 139984 146046 214499 100054 263710 450190 212096 175136 102483 205365 158558 671340 158094 163960 705204 286940 839052 110410 483326 179744 104096 126962 160512 204006 388642 525408 134950 116562 177224 460996 172720 147964 393250 254071 603631 139116 278024 251200 116302 250654 153467 166570 136105 511730 351125 108217 219130 258080 161374 143054 495328 672400 139906 264256 609352 350224 104884 294110 349748 226684 107201 189590 583536 163336 215864 318544 187669 186558 968760 208141 124728 616312 170482 135280 144976 287587 100672 432046 268888 150257 332404 294358 269224 168724 382432 304972 403687 496582 660748 114121 620434 444955 384142 241192 396255 541160 290638 220725 625200 255736 180023 230974 406636 206312 255120 101638 103872 278203 121546
272752 252852 377053 662185 445256 935592 137497 487413 100588 659816 181809 599140 332624 118576 105978 244525 141712 555124 462526 197656 242383 345944 0 343552 324202 294110 426230 364438 382384 166936 303320 265967 822240 359292 632704 280624 119992 185800 126390 196063 789494 235204 109517 859387 837616 355348 183160 110787 385950 154405 200028 393712 353980 104872 188976 239265 270346 187060 155002 155016 148703 113356 151912 146176 161586 386688 179808 175400 413040 100704 361976 107640 957346 321100 329220 566590 204490 542020 207456 165844 133552 264448 402886 138610 346584 252813 342760 397336 157825 214210 166490 200092 251590 556676 101896 178597 486750 134816 148546 343038 206248 685468 603868 138127 313840 439525 190636 296370 287434 260818 352588 372162 259110 355060 272593 392523 154432 642880 468680 493680 721140 431576 111560 319960 662890 308800 241892 220835 251580 270068 502259 265252 115760 583480 582964 396164 453280 563055 154672 157435 100000 220130 167803 587296 152089 438052 102118 113480 633654 233740 304896 147454 499780 286200 449524 447310 229888 614080 101905 528722 122747 101624 153636 107908 262600 275365 194776 169939 576440 287480 121622 267104 378628 645848 137365 111505 319816 349655 326328 446489 584500 338601 311896 576399 508726 171820 335940 295300 389188 303574 137961 167964 686740 124696 305320 494625 341280 228222 197573 106550 574288 509836 456120 433114 191160 165052 150384 101934 541595 382656 268672 757090 229168
340300 343100 139122 690640 150274 629525 515668 142903 184488 473282 498200 316351 389703 246916 347080 204643 198850 292096 729292 262180 572500 755605 343552 0 193168 704695 238880 650953 188326 126970 185320 156064 286966 197146 197402 308890 152088 636835 287836 130760 142768 454000 160756 278640 378710 174251 549568 348132 242557 318104 268344 164894 138502 540504 585352 547735 560505 425470 303038 328278 837590 134887 105136 725936 616337 432740 336655 144748 103724 274066 659699 466628 331610 276832 109740 518040 133245 831162 321964 331840 341500 421339 359686 447500 206080 119596 449006 230011 271900 392008 322700 671684 133020 696000 146958 160016 114110 330483 650434 175153 183566 169185 273826 248920 323944 137168 221635 477992 367840 139187 502360 113600 277187 127740 113284 129829 466930 294544 320364 366961 185374 298145 509920 100075 182602 374505 140478 298240 118873 189590 235946 139675 130836 113266 558775 114170 139312 540994 338651 144447 187384 324076 328288 467350 161628 193272 402445 576840 136077 509355 270040 554454 293604 415945 261676 191405 135903 400622 102610 169160 419545 655930 111930 563680 187255 395160 330280 263400 159064 558326 384618 343320 300070 250696 569239 357040 131328 153487 158793 240188 683632 103074 111715 600609 215080 527488 439543 174100 270232 320272 543733 115510 113583 347254 203372 144880 403576 148720 380721 661366 492922 196304 203733 390880 439552 482251 121825 331840 146506 590027 241984 544169 217760
276871 445254 150274 573000 105373 303424 563617 222362 170928 291520 149731 310930 346568 231544 238613 273188 229360 596128 112586 235876 117784 621997 324202 193168 0 305020 240279 347205 213078 104635 118459 683712 493149 516584 856756 442720 186478 330332 214400 415210 538648 511768 117608 190840 350424 122932 135235 920400 777880 115184 292712 463613 275560 195877 102079 248185 470180 111169 160025 126564 198988 873722 248104 242040 150031 312800 707920 540344 193334 619428 139648 384625 239113 207310 762286 307090 222526 324344 454568 231130 109124 251008 376000 618328 227300 623320 200152 118124 153682 254906 110000 585936 144240 352560 108250 200440 458314 407547 403072 148875 443042 235960 554498 193138 193795 384700 124892 249672 161974 112100 144252 867034 102805 116960 289371 306000 101445 115192 108214 112166 164524 160156 168562 120520 149896 129862 180325 172657 886315 168855 595558 869275 202608 161845 585460 106136 446000 860188 329696 682750 118832 713489 140704 142205 258342 184520 277762 166007 807388 242595 643735 197335 664135 399628 108487 122320 433744 151134 534340 165962 375674 242240 111153 345300 147430 377200 596896 130975 555328 101624 197902 563680 171588 146665 110170 137674 513000 122168 491790 232651 110515 801744 326665 356540 647230 165511 628444 101980 206575 142195 108148 118239 197608 102613 305604 184480 237904 504640 274460 195410 139732 222650 420004 417768 252625 660970 517075 104520 107220 325544 108896 245424 348124
286837 111520 131108 161824 105208 664586 187210 343768 129640 870820 765680 101488 157784 181346 284924 326233 126781 140698 546669 313395 336236 124904 294110 704695 305020 0 164670 182215 135893 209622 258700 107056 107434 157300 365323 109520 103196 244840 261943 125755 298198 421840 126818 669588 114442 512110 335425 249247 256792 120705 180620 166930 713525 166379 754472 295300 205669 441052 229795 148480 452715 778930 830340 360546 526732 252600 280198 710416 268960 416799 803000 183358 803248 305216 805824 236122 136611 239995 436260 172652 359160 385403 256078 543385 184219 132262 130996 167620 215702 108514 227063 151798 491136 163130 176538 557470 113040 229750 430561 196120 137700 131356 352356 230704 590176 128518 296386 455243 105085 225960 480644 325060 392352 180000 467476 558682 170870 544332 332001 441581 330748 142768 162125 242610 140242 765728 207610 108460 405370 548836 216280 338464 115936 438660 348298 107959 234001 508600 315061 762263 134188 123621 289390 459898 586780 122220 362206 206248 678178 207364 621417 217766 183916 699380 261294 115844 329890 199360 448355 152216 581898 226408 483568 139270 104260 295337 246736 230572 477941 707992 229691 155269 358768 139606 397636 169642 127816 532724 140630 185828 313000 168464 705500 289154 174066 178733 166192 611290 189139 574240 170189 177364 200163 503968 294805 117856 398480 173440 162400 323519 100645 119453 204748 608408 108374 314956 159466 163360 147120 580822 459683 110878 750748
