268 1
0 343267 128266 339200 553456 201480 296980 436408 587050 449683 201035 303148 202100 847936 554050 169188 181054 204049 132760 242450 133971 278704 858755 103105 114259 548545 366700 676840 446956 450439 303448 609888 749600 262644 131228 536000 105248 316972 203509 101863 375616 491845 246556 206299 177040 162717 790508 571716 318845 490108 130349 499024 114616 775874 113243 100000 113464 683128 411320 149153 251876 283398 437870 188660 523878 472040 105646 102373 408100 205080 435853 164460 136431 154188 542192 346150 123344 538588 477433 260515 173904 166656 269470 108952 370500 538252 441900 327920 134200 339382 146472 108784 186832 159200 415590 121756 900709 292700 619904 695270 876741 371872 598104 440987 789700 381295 528490 110065 100528 339928 327000 273362 725005 285850 280000 190034 100155 431115 113684 508204 376279 229804 175887 134671 582047 232354 504624 347050 101398 321364 611329 315604 603612 368830 477730 251572 423472 194870 270116 152716 203566 745932 102954 256009 289208 629920 121244 329827 602173 132480 179856 408312 587693 479584 593145 149820 854404 230500 222322 148060 259630 466608 423727 129796 198366 183974 420180 185935 516306 110748 269235 127144 280642 168564 140710 161180 108113 125872 314368 126348 163288 840112 123859 384724 163468 497005 129946 221024 176154 206372 410298 676240 170587 110520 354560 163045 119800 275440 246016 329900 816288 274262 230221 659000 108178 140504 119000 299368 135868 156120 409138 330496 623991 243112 699616 119580 413599 533054 104067 112393 104264 484761 265462 146228 119440 204319 168665 162260 207000 169228 517456 209503 612560 143072 163873 206764 183820 358552 372550 111760 335501 174753 309483 642674 265256 349365 449462 260083 652720 669088 464443 465928 204144 189355 210400 412039 794376 253750 547724 736804 120757 184882 157255 148678 602985 564810 150050 119068
343267 0 177542 102385 313380 152290 133755 206232 131758 208336 226162 144928 443680 803732 124920 390816 109504 232736 183430 130498 107938 416216 588136 530853 176296 177894 271240 266410 488783 395815 688088 175096 122646 100231 206008 816820 194010 105115 104114 202684 132616 260133 169905 764340 171394 136686 443045 103564 478088 334612 122113 470840 238176 112820 129172 121777 486347 401990 160264 687414 908494 371986 987731 121508 231211 449250 698878 434407 255324 297554 135649 577225 542650 643312 319868 349972 130331 435846 776484 286456 105576 149896 425212 485278 390145 263048 151260 806352 103762 101193 242854 854820 248512 169188 126696 558948 621424 221729 128652 186320 356495 251480 309160 711312 109635 570680 152353 262520 359840 186210 118132 108322 140579 348076 299648 133005 266192 149452 586312 175525 459340 591814 167436 229796 157204 189358 119836 732114 100832 225662 176140 169764 170240 510863 137526 458620 149080 128594 130415 803962 266057 183850 319882 135906 101809 595474 458117 828424 339447 105916 211101 434110 127990 184023 742096 347650 198825 134515 124560 160426 579180 208966 419950 407646 504088 290236 284092 469186 169090 119950 149450 108346 509964 274365 113320 108364 729898 459040 347158 197266 834784 338960 282490 100414 866035 441048 178156 195410 615540 962114 145662 121590 154720 374848 553144 187960 352540 195382 667948 112804 247060 740187 106873 122608 190810 416953 499000 454501 119799 521139 131096 350068 123936 143774 331636 716356 103615 659540 504594 281367 126568 841312 149966 160202 538816 133916 294616 738928 121372 154760 106528 426942 460628 446940 199036 316154 150380 270560 102728 108977 258191 597488 871309 307400 155674 124140 223633 100350 186043 173164 833887 277612 887038 505636 231700 466054 281632 241454 480460 140150 305605 791330 139508 452335 673498 912090 358420 140502
128266 177542 0 328674 125805 330201 485560 454748 535344 407948 723798 121960 462604 410536 838920 163812 382224 158437 559522 135946 337031 320968 857834 405522 705752 457500 238864 684793 178213 136795 332050 257760 521650 128900 210345 179566 226378 157002 391830 611584 301300 100651 430010 132680 180710 100507 266286 225628 296248 759646 267904 312630 166608 593308 228905 495928 213240 235240 645988 397600 122080 127246 160663 517450 106726 280747 245008 136342 154590 129766 105943 512272 690329 899450 165888 274689 744193 204195 207944 149536 140825 465700 517519 381580 524528 220230 571614 118242 334222 149319 293505 277822 231989 103560 104193 475342 465475 100000 170980 198040 519190 172773 289208 232979 458701 126611 744787 788716 151522 179686 537488 366012 708264 172668 191640 188480 277692 365824 434110 416590 273910 523450 377380 344531 111232 204025 132100 536209 542425 845044 247050 438070 114934 414640 130690 352969 216104 266880 200464 144931 106588 130456 411518 266278 236710 184546 680008 932031 113135 312262 160732 441682 183844 652942 675388 102178 427845 932999 215071 689723 483409 336448 136180 818254 708256 150512 195832 251103 672397 748636 262260 231976 172424 243445 319595 260446 619930 552235 104292 255628 159580 261040 556665 680057 359952 117894 229228 100000 447339 260684 462700 391254 628570 210074 640857 831104 170656 500588 611292 178975 233644 370186 755400 206412 267668 170110 549460 617824 288632 203222 194815 170752 131812 100774 187172 156465 300394 965555 286840 108160 358808 419672 174256 103968 365716 423520 667728 331539 208030 213375 520724 311947 934596 106188 353449 205302 103200 170334 192214 170564 282646 222492 677980 575794 292618 188818 390010 147905 782992 465878 370395 421900 295446 264118 264857 548632 116224 257294 120303 857680 347632 382052 177922 210592 166825 506546 282135 802768
339200 102385 328674 0 106147 254980 113770 267827 374170 641379 100000 338017 473455 372036 314140 100000 122509 231768 195876 104160 457576 916432 336652 115038 250696 491716 477460 242880 561104 266140 272298 272170 728560 195400 179267 351550 261445 138398 503680 101688 109750 323944 144422 643125 423750 152705 241037 818030 189320 665794 219301 633783 143290 733650 602490 107620 490910 103773 238795 191264 407800 319232 610880 315488 356818 469850 207910 344842 121400 451750 609355 120286 151182 505131 363823 402016 409540 331012 131000 135910 418987 169615 243748 709420 208619 368464 689570 143265 413110 278788 454789 209862 757860 341186 637339 375875 175075 160480 189614 420796 356244 305513 302188 176986 132445 208876 306006 215656 250182 200832 101161 368090 217180 164584 284536 116948 406414 223422 252625 280635 809552 639496 258268 179758 706060 388686 135365 104641 647555 166941 158590 191770 276150 146208 484945 284230 502560 676255 108080 231904 166171 271350 381034 165749 395604 164264 874571 166504 607048 365220 354980 208625 446376 461836 128290 325216 116837 687925 181175 143344 152316 557128 209710 137653 767155 512875 632672 616040 157798 394810 121690 219714 365282 116780 165601 212290 303228 100292 102879 276649 108349 352390 644726 136630 154516 683440 135870 476363 155537 161145 220132 383008 180957 117782 715525 332092 203212 709686 151168 576498 441112 351828 129892 344620 103360 193732 682676 231350 322256 415483 109471 214823 140590 266176 264873 339694 100015 320631 354968 359316 192988 104698 216220 258795 322450 591869 229895 116500 122341 167704 254212 147554 222425 182080 220330 142911 147328 791707 261557 104836 131132 278100 195616 105628 314226 442504 325960 220458 205154 687148 313136 294733 247677 427594 107414 183562 331686 125114 131824 123076 139501 186301 213204 696544 449680 286900 100648 102923
553456 313380 125805 106147 0 179235 362485 103723 130551 513133 326656 567866 502698 614800 134848 291595 100280 475333 214848 196580 566622 413316 142622 133264 438130 129300 427635 483292 116317 383374 153325 381976 149496 277620 364516 205468 626768 460500 109009 627589 171648 241266 532124 198136 116750 459667 448128 359752 207950 267475 454760 411658 382720 155743 176923 125500 472528 300424 579787 196760 298900 413280 285356 670434 840975 111570 245089 135526 442500 371848 353748 543025 243108 123695 104883 449083 161320 790368 749152 202400 122287 274656 262615 592546 106265 238480 510424 214954 270188 199720 126455 378205 402992 252892 190960 303496 636316 380718 188120 112441 114534 100840 566040 102478 815275 273145 263358 305349 250912 699517 450595 156928 550450 239944 281686 241040 125200 722804 119340 142768 446140 126082 117940 218594 401860 288846 229500 503680 503104 290542 206488 271672 599497 256407 333450 207360 112276 178263 149720 328144 116737 252400 486550 649142 340660 118207 135970 386130 222605 121452 430174 625096 297792 380228 343102 161383 182985 178813 119360 156696 116394 447004 699832 844648 107168 198540 767184 112665 247392 460844 750090 307336 366170 715072 182289 356529 131678 249688 252492 318326 228466 236308 334634 375538 332740 187548 414400 120184 275714 210050 177959 117808 193456 293930 678653 296700 321136 858100 654540 147360 231586 561833 647107 246902 746074 276874 153567 190420 336160 257710 141026 216467 181221 133660 115485 922204 460552 236178 259732 102612 172252 465883 715685 189199 107821 449164 287029 147120 236500 154670 104864 324466 113293 565849 242142 635542 615280 791932 388750 503100 260623 532509 231136 207402 413092 305770 175207 122834 557443 285871 641076 411880 193870 139800 498603 151484 323212 579915 167050 226477 591774 353839 392864 250255 176472 422608 105048 103961
201480 152290 330201 254980 179235 0 203695 343379 328360 121670 334362 208284 210141 199275 125986 316200 102560 135501 297690 408481 105280 324318 237370 368800 172352 126448 759328 359375 394143 182719 187428 345642 170200 537886 197836 662830 178650 506650 101200 722740 309118 304978 218413 330529 238564 202684 230032 131416 185218 499336 110441 180910 405256 190930 330811 166898 114092 689800 696400 346768 112768 364942 108008 107820 332898 485281 157816 101644 186559 392146 340516 292560 248735 137044 119024 214767 257938 124900 311068 122910 630803 177056 173904 184298 366688 413303 194080 559921 585254 177814 432049 210214 262348 169237 163688 246470 376105 343246 457200 431569 359260 223959 269353 439822 151484 568075 125828 548920 269647 397950 324346 336958 157825 721061 321760 373280 514253 169133 146206 392866 334116 677116 169319 325440 418768 345613 257079 115431 254026 348248 430792 231271 554920 344905 158548 167734 565648 540327 682400 114076 171920 679072 131378 832325 461800 218678 177000 409320 241230 208053 230146 112480 251044 444574 401990 945891 383530 135712 453082 123326 115275 205492 160723 564712 470944 675069 193984 859984 724712 499423 150516 622192 329508 814736 516925 180769 153851 271479 329824 112690 183148 762532 140670 264373 835177 149875 100470 160697 671740 156265 102980 231920 320950 126908 400788 340597 121375 176778 476062 823240 212347 206848 366376 782280 117000 167158 370000 101690 145136 726886 164860 152887 440016 287033 577940 527420 194278 418888 262750 744355 117780 214204 109328 439108 121700 129050 215444 584366 125668 703072 142075 879948 285469 113464 192320 154943 128841 568582 521655 283512 299206 684178 210011 470968 109352 224356 311116 210842 100000 240953 120580 255267 256590 677133 136865 227127 157939 251807 258655 127384 362072 156840 580546 185446 608208 231100 338383 605362
296980 133755 485560 113770 362485 203695 0 128368 675128 591675 135376 474545 130900 660500 202630 298787 173143 417190 234328 103384 474945 101751 115015 442504 162527 133269 200776 265632 247806 122974 976150 107820 255376 156896 129250 322750 346016 137982 272200 573823 101653 598814 319735 121416 104030 152117 108036 589027 219315 341890 257528 631240 785848 296046 356614 188000 208273 111032 734392 294742 395857 428941 521740 562099 376120 351667 377641 301958 483672 679824 276046 611646 256816 379850 165338 100000 449245 144844 617280 482375 318770 672559 182784 649033 235309 134387 213355 691470 587285 153934 353260 447820 465550 115512 275770 364306 238116 189310 231076 436774 147965 109775 520468 846328 139875 324997 326490 473387 402634 210656 115576 159432 425115 189540 174130 564448 189802 224009 566418 516485 101229 719028 496675 698779 619176 140018 214958 384616 102480 148972 285505 271989 529381 574822 118480 113300 102617 140552 550432 292930 389044 103312 345784 208297 132890 336958 415900 759520 603424 289103 289956 857440 323104 517652 397360 315450 596716 603880 416931 527054 601552 785995 156135 108184 625008 115425 136384 109812 147762 496792 242128 404712 192904 517780 452674 156718 122480 179900 190706 237904 645050 213619 351748 480864 341521 293880 690940 100812 268704 175472 672910 128231 199736 611056 118326 784750 124180 583105 163407 198396 483812 372172 100930 497872 110672 291160 160760 193834 191879 134155 218368 768515 100000 205708 200092 227424 144564 207231 112450 641212 465904 127710 867658 873502 130385 227125 141001 145650 183512 638056 100000 389867 209908 109588 449263 661681 166300 572895 236532 331198 192652 144506 603307 225181 119280 188604 100000 240182 368690 616795 679127 117347 123850 114016 228686 316200 102114 434602 533048 692165 264610 829365 320774 287904 318736 314812 519650 309922
436408 206232 454748 267827 103723 343379 128368 0 286050 128860 404920 265600 682153 540435 123184 136720 801800 574750 114668 124120 121576 134830 380126 473290 256862 360813 316695 533074 321067 146065 110660 110472 541928 202024 429295 181445 138340 132103 113272 258004 166654 146529 125245 348528 298369 387776 119030 170048 771628 123244 169894 635335 112649 286880 464620 166836 228394 182708 376830 392054 138718 347152 581763 197129 339040 303352 313109 349642 442995 297972 263440 379565 644324 109048 137224 123800 160813 119323 251360 261348 601144 114624 261728 680973 202980 293648 163338 844282 227872 222325 482104 236656 250248 546250 308392 517680 155706 185078 805812 423232 303048 346862 119552 316450 220290 367960 120880 133182 163408 129520 164024 634258 198358 316094 338944 218939 736162 191481 470875 105148 331714 406070 170281 130200 325700 135987 760824 183709 879760 140200 134884 459454 208314 500560 361085 227600 221124 129600 233485 200656 225847 250843 195167 207768 277375 155165 469421 364420 368770 655444 129222 297064 629420 156931 616099 571948 177418 239814 131889 361324 104717 468794 316294 450595 197773 121500 612241 146500 745639 110800 498594 356074 371158 117177 141984 230659 223804 646704 134248 384614 264521 154936 239256 143600 278178 675248 535243 210262 543586 164080 101179 166625 216112 132835 838990 302419 146268 182432 239656 152100 382631 135340 155188 536054 261880 193495 835868 231225 199416 106048 708580 683194 596214 107954 360952 482776 560520 443206 315124 295888 109240 136180 277816 414011 106064 318828 215345 145120 272480 105544 153944 436960 255232 143848 241158 229654 196768 314179 150844 105991 668014 820371 464378 243395 276750 136490 189139 327150 198176 199330 110336 186416 486540 196512 337542 457232 109006 418920 161380 282970 123506 232756 217030 444720 234595 385228 638330 280003
587050 131758 535344 374170 130551 328360 675128 286050 0 563758 203623 197940 346500 255550 769070 377173 254980 179378 581338 111340 329440 265750 642640 176104 125288 101770 212558 477454 209281 378988 279945 399222 668170 165556 689044 700691 581144 340504 105004 367135 578611 644884 156100 318430 196642 320575 240322 191080 123670 345784 283212 102400 566481 173632 407421 291160 299794 497126 651994 287500 786280 119488 108484 761960 248896 611128 132250 363092 123634 109380 534401 162059 548720 123851 520178 216298 232060 206722 420292 132528 590915 151414 437272 170168 185743 895240 879804 115004 118325 166096 103624 611221 615850 607990 143152 269510 122100 328182 129791 159892 240556 554360 153086 400760 745030 229444 279400 682624 287488 113713 456454 212723 156700 290750 508895 177004 145084 439633 102232 122689 302200 152976 793360 611548 810050 479816 213740 172588 211805 139672 287704 770596 231193 172842 108880 202790 780949 158565 495623 250969 390832 614932 566488 356272 117290 617264 515872 453392 222705 125011 164322 159670 387991 125872 501544 134720 173080 261476 250080 202942 627982 238336 125500 182076 278178 296248 171850 113889 425864 725968 127057 473864 102162 259464 136654 454660 165893 588592 104160 447956 237973 506775 163800 148320 105810 839830 797567 114280 360104 439888 181830 818116 717980 664732 197751 105152 327106 380488 287353 357908 446176 136225 311596 303819 686244 116800 108904 109546 525798 121648 119134 266334 456608 389296 659248 178880 850044 122428 533238 265324 261568 319595 193060 196868 173656 552790 653776 338911 336600 373413 381050 109176 228092 906442 185215 279352 170682 714916 160753 232720 168220 242674 453925 303118 142186 649500 111782 116667 100480 552466 206977 204742 332035 100248 117927 111970 143344 119665 249520 478392 343930 314320 494308 161104 300520 170875 357468 268139
449683 208336 407948 641379 513133 121670 591675 128860 563758 0 591952 115498 161080 421816 390851 474164 582885 260130 134100 106987 257377 194248 281368 476564 224128 205742 691318 284055 362900 127636 381600 446656 240634 570448 906715 156028 100190 260686 460624 237124 128016 358300 223144 108470 667423 211333 339760 139960 114000 383692 306521 286200 305344 155841 145750 192035 168125 410960 347968 151681 103094 247000 192904 114950 167488 446450 499000 421776 176760 723118 788981 215902 321778 147085 483980 152542 244330 214168 272608 475914 258236 289198 276320 412064 219201 103520 106729 607769 128518 143900 196921 646056 266426 175052 454032 537514 267504 190882 193248 113936 375800 642997 690512 228723 146874 100000 418370 115120 595040 137995 246392 264603 165240 370972 415336 507797 243235 272640 250616 303506 345280 133099 678055 581440 492711 789520 142150 252322 297268 401473 165178 199225 261024 660279 286956 497262 112880 432280 216896 379650 341304 610808 185608 441330 167158 254350 766264 220610 107302 486802 256339 431903 311968 396450 158108 103492 110620 832915 459760 193017 238655 542146 316972 449920 281564 123240 290680 446958 217180 291417 527358 411388 319252 509944 418920 217480 186932 308440 148498 338795 515626 119028 573494 414447 602272 500976 126750 378418 142480 205336 211488 425326 289958 322438 162713 161984 128260 245550 254660 379575 248428 106830 283134 441159 137881 210880 281874 508240 236895 135796 151405 123850 135448 426784 183520 449588 100000 504920 354722 242485 297784 334080 570673 447931 165349 115056 355200 159436 110620 111115 203372 415588 515722 180600 132513 139780 159572 126950 690016 558775 159363 216150 195106 365200 265168 664115 318080 125092 358274 279608 432652 768034 128650 159976 604390 122512 186304 937540 173872 153627 518370 227605 344083 208489 256864 399370 458644 691552
201035 226162 723798 100000 326656 334362 135376 404920 203623 591952 0 968476 564880 177634 503070 745012 118312 352095 215192 452374 180028 229560 120538 407375 403408 185750 150718 236192 408588 461192 278840 371768 145175 172517 326522 301960 250556 767911 782977 310290 166654 415570 105924 191200 437518 349174 346158 299920 559000 406682 113272 568480 384412 409858 371584 377376 232325 388258 543040 561709 259576 364404 273609 502857 526008 159514 140590 733668 100330 228340 113209 121625 594703 512304 251680 401980 153590 200630 119960 142778 285800 605932 449890 118560 257640 322921 179326 244045 434768 756586 109840 564598 166105 813286 785497 425562 166310 780625 672040 333286 284574 411000 561538 368464 239035 159160 361696 241768 358240 727577 361051 860665 216508 493680 101400 420032 413326 138376 171321 264340 490637 561120 692352 100033 121252 235072 313048 219196 229600 195655 155936 446860 252658 298621 759967 177952 373776 685648 184084 118924 104080 224236 112040 136240 350428 386512 393962 315748 168530 131331 124310 449022 388311 155925 179376 137464 235809 233164 167710 547616 518048 378055 253000 138502 147160 406210 305840 175174 402715 170551 570535 451378 217455 115052 632008 102400 139820 138502 137250 142082 215668 274090 165184 152866 148972 485860 420913 176518 152440 247888 828472 169309 139270 490440 163089 462204 206875 117570 254476 598593 120904 113122 101722 306640 112165 179050 384382 760224 165050 168061 285094 440879 601032 101100 116956 334087 588205 573424 362770 115648 832970 198371 109872 247486 244279 426816 617741 305382 160762 204940 495760 813844 695107 302392 450637 665668 573612 226764 342879 136582 101150 352824 268150 907816 526424 122952 429525 350904 189110 531268 320542 211936 126286 145370 201038 141584 466450 277125 203698 106834 253906 287250 285130 373460 311800 155936 284909 399259
303148 144928 121960 338017 567866 208284 474545 265600 197940 115498 968476 0 295776 787016 250360 122932 150622 100940 100000 345272 129848 321392 334320 276670 315934 822992 282605 157148 195496 482365 288461 918010 110360 109730 113195 122610 260576 188088 478138 295928 134128 464165 731952 439190 801190 218260 118094 616000 916596 240740 292744 129910 172098 387550 397004 346950 143050 314748 249930 743379 296308 121879 480200 244018 660075 107308 525152 393700 529696 436325 312850 296445 275284 156852 305485 246367 712425 601309 164092 677344 639902 137128 606226 431650 148940 296773 187147 497440 854642 748227 232704 235424 351735 248365 124960 467736 363340 112875 222540 191808 218575 351034 550210 263980 124258 122830 144030 162965 313542 149182 516304 726359 672660 606400 153346 161831 212728 453210 189976 132305 128416 217260 107200 232628 352402 110360 948821 532963 346449 306382 340948 157664 735696 116800 120137 157716 312500 455980 607474 585938 429968 557103 134799 530118 206250 869160 217700 257108 641848 871771 467865 490015 230824 330601 126270 252048 128364 470311 167830 375317 278752 148848 181972 224920 227400 401542 752860 558850 197340 267440 910726 356623 396370 365643 346972 785056 143848 423700 310180 765301 246016 573958 159184 561852 163555 101863 267420 300096 179560 604714 220367 232600 104460 103280 188764 489444 114520 580066 762036 153025 123562 245548 190906 138410 243514 479776 432957 841632 277840 863230 265070 469768 351694 176020 189516 855904 295755 318010 571523 636655 360496 184210 138038 351767 107696 444149 468900 210565 109504 307441 264016 134278 106966 189464 425624 430708 114270 319555 741536 330633 154870 396298 480456 283066 159109 368944 128726 206722 799648 483250 534644 369988 285625 128485 387875 103799 250442 135850 160762 755110 237283 615120 153867 155524 151250 409078 141514 122184
202100 443680 462604 473455 502698 210141 130900 682153 346500 161080 564880 295776 0 697740 360946 349312 212905 345100 155146 114144 415003 141440 524050 264255 213764 105500 482030 346291 180352 133600 199120 395148 189680 179003 419410 137584 196995 249124 147975 454046 535024 549488 565348 106864 561916 137024 128016 429238 133976 497544 126052 167650 170560 251143 125538 124120 157480 436004 130551 785397 117820 244144 332650 569522 306316 111480 786245 390867 655864 164448 175616 646612 332128 407296 320100 149464 523612 499676 280774 538208 131930 884872 832830 352582 126986 696330 136738 159424 258788 229470 236784 276890 327458 590194 293602 118642 398497 157568 327016 144002 113812 103496 254686 137823 589048 270392 308025 111550 261304 892744 692992 132640 196696 175420 157792 179540 120024 129540 341934 858350 435232 181056 282376 341839 114835 100432 232825 200532 153818 712580 726592 575559 884020 205690 154093 313730 444228 768005 419960 113427 398053 302979 712788 292975 788760 227248 283244 357348 185188 448530 362080 134128 258600 270520 852424 649440 561160 736895 107777 354760 165024 287050 177824 128290 232792 382688 147460 677252 126528 126796 292672 499060 477568 443625 433785 169120 363120 105876 248032 543718 111760 186496 513322 204272 159040 203194 190075 100490 129600 200576 418442 201920 717438 199828 192820 100565 485056 194828 140656 228436 258208 450682 584750 103234 100754 600075 249480 178585 637731 110534 482139 529358 104590 646210 828190 724349 203040 503104 146517 106125 168510 385890 786880 359150 173616 483575 215230 153664 107865 374380 247312 513694 112040 146230 748312 463242 342946 154739 328780 452768 648303 154774 111154 799314 736510 113869 897776 137160 360152 198560 911752 112654 339844 259848 144118 328250 313486 374056 102831 361660 330502 151198 105376 106345 108568 607567 157199 333860
847936 803732 410536 372036 614800 199275 660500 540435 255550 421816 177634 787016 697740 0 141208 289051 208576 740136 491006 207882 149357 236704 248248 241484 110260 367462 419056 111363 436638 445480 226620 307282 112771 140385 146835 728776 103248 140227 118271 137107 641156 319857 235830 253633 671539 167875 295030 535356 271825 752884 333600 455012 890720 229428 130186 546336 424254 369484 416695 339000 454900 348976 327472 186020 212488 115824 269104 156023 672975 145760 181144 122927 325321 645670 284912 556705 525088 578060 811922 345315 133012 233790 190396 183606 121560 356020 390820 178225 533452 397726 535174 416250 123058 153592 881363 270145 683620 165879 378160 244585 185050 322924 595696 399706 365668 184892 112255 138318 122295 175457 770026 230134 174800 205600 154549 258468 537373 135862 167230 377111 357286 241372 197486 139375 233613 612102 162458 460905 311666 392585 519562 246320 168289 101848 425584 396070 242380 380915 405760 492412 236274 438352 196720 117066 104192 261452 680548 332140 131360 284340 136729 454090 100186 211900 311098 246376 261160 139280 252181 455014 375094 133654 181030 440022 567864 121684 444624 155125 526036 192898 398540 151101 455290 788848 443728 528180 282840 325664 482520 196120 104176 166969 429805 438637 144646 146617 605302 377984 875260 735109 168497 318394 331934 102208 587388 420650 404146 127300 504624 159670 527411 303616 383632 244120 290672 403212 113600 233900 452521 122058 699578 422707 480695 383580 239181 599585 279816 828082 460829 107038 275222 105128 472168 720448 102118 134365 531346 734920 111120 166447 485761 193288 570581 104680 190576 799958 144100 165832 208297 109964 278640 305800 143434 378748 367486 368840 165596 105824 482012 226720 103117 110962 113509 116863 362665 708358 114592 297286 349106 431768 401398 117325 171736 104992 356690 123058 207064 263761
554050 124920 838920 314140 134848 125986 202630 123184 769070 390851 503070 250360 360946 141208 0 355288 514240 129220 108778 122516 260734 171254 102245 163848 683296 638807 512228 530310 190285 154810 390121 359793 298936 183950 145254 387154 116944 580066 183691 117622 628770 146467 142096 529520 114056 370725 133916 211045 264610 313323 152920 241848 372244 520180 517968 162208 338420 278542 451436 249586 304180 720432 246300 535073 432220 828280 365336 717292 193891 101744 122464 110200 123760 135800 164638 104340 114586 535706 149815 165044 213620 107273 548644 317536 215652 250080 310672 248737 126422 531548 744877 853578 308104 325615 470110 431552 114850 487800 121584 198160 210280 516315 172036 369268 886765 144044 421030 220239 268800 261559 324167 648996 114224 288972 188209 417576 223132 143155 158880 391720 407707 224662 346687 750242 763550 254440 220257 100000 260104 344224 224362 210086 424028 243520 448232 219290 185407 110680 115283 382816 170789 821240 734508 258175 727560 115950 324294 144592 108206 895340 502688 470107 253252 228464 530678 272788 666350 389146 374799 344260 683401 292024 162116 103232 523225 343264 428972 397490 776872 151072 169671 175654 151072 328160 110236 406344 368181 167860 138320 288564 642360 121216 399796 747712 806225 135244 410156 430738 317455 299326 709661 297801 639850 196747 309235 333358 329458 706375 212922 106842 438450 107208 119344 137440 501448 207584 392889 166780 570603 253497 490912 780279 137444 392698 445939 619564 189010 160032 427184 763850 392108 274762 107805 469495 783456 119018 732206 362094 294432 292528 184755 748646 375900 303049 621451 543340 294326 171120 352252 306424 143596 232600 122050 117693 166044 193093 172956 185590 147520 296959 161884 110785 358727 111260 627369 453502 908360 479252 280405 480736 426880 230872 218146 100000 542060 429212 167518 104302
169188 390816 163812 100000 291595 316200 298787 136720 377173 474164 745012 122932 349312 289051 355288 0 192371 399300 224152 209478 520888 180240 209769 107898 149932 281117 186893 319728 875260 319730 184524 108280 762544 184423 412808 111961 181852 403289 129855 292696 480060 281980 120350 668149 161456 594311 821633 709674 537368 657193 704380 211910 117000 128880 290992 279424 649735 476464 226973 178068 439120 363252 340176 448150 595063 249776 242968 106096 437590 338276 115614 857967 305120 502050 485567 184546 545605 138112 131733 108025 655244 533670 108320 342424 398850 189726 161914 433660 100142 329064 516416 109513 279010 122243 101260 385840 135905 223690 145156 257666 112051 249040 215416 158581 455306 251404 184873 172534 176464 201036 202600 324048 109499 247084 586625 294445 260020 191504 338502 100348 245340 119620 100608 159639 393579 128576 339382 100297 562844 170682 532928 101120 224355 321924 305363 576736 100000 210238 689170 124255 383300 116530 545725 244207 445862 298061 137110 120520 256450 812087 118117 179875 426797 546082 238500 158007 450658 469616 162235 518470 202015 209837 104490 100000 160955 297990 322988 563272 168800 548423 175620 114475 105016 103916 503864 324250 301794 353050 107328 633076 236367 105046 570450 119072 329211 727428 315325 250808 190525 534762 388306 511345 195342 120979 344783 158608 122988 120086 358300 137500 111078 613216 377849 105175 177450 764216 788550 110731 139340 927236 118904 143245 135700 399466 131284 338420 186460 247695 125239 396460 425254 314005 761740 127300 372172 266518 536590 233380 570214 294934 292405 104980 348794 159913 279288 678070 249506 461210 145725 277157 226728 145866 264976 314134 178621 100000 100000 354475 119824 107739 124252 456775 199736 642256 387402 661905 460822 362908 142930 510935 473094 217495 350108 386229 182945 153550 382974 114094
181054 109504 382224 122509 100280 102560 173143 801800 254980 582885 118312 150622 212905 208576 514240 192371 0 298237 223956 114050 277156 304861 131693 331600 446275 293349 673183 155648 594160 146018 181540 128249 385750 685276 419930 628279 145530 287272 710504 220324 364942 269524 169828 392417 114580 141328 115688 673278 243412 576280 109100 569402 707198 228441 206210 326090 517027 375720 151512 186205 216051 391375 563632 338901 132538 453492 488560 105032 207169 185666 148994 245070 320536 945502 136456 100887 372272 408256 192117 422320 545368 183620 112060 195352 270880 524424 181900 127160 248288 185877 271339 185174 188020 287198 776246 663160 108366 541774 115680 526990 112888 258424 266068 532216 114204 681801 127216 403160 631947 490522 126904 122960 153579 467428 541779 226735 233620 189022 125326 576112 526018 137818 258745 256055 159815 313600 206869 147936 139751 248155 349444 110857 561529 356413 468277 871110 144247 237482 443332 113878 901618 184360 168162 177070 108866 326884 414650 100000 100496 326435 186625 217305 123814 697132 557700 119656 775550 423926 163104 136080 282088 511078 603919 126775 252960 525340 141612 217268 316580 253166 499249 127000 383709 803616 260110 566182 276820 125515 147421 464950 726175 110980 288152 229870 198256 539890 153583 148320 574390 142011 189984 267637 393166 196725 117176 262443 143105 295210 206600 773568 153056 439822 397017 413946 184456 383195 395317 474360 301888 234143 105400 504320 228904 112160 702272 597520 181120 135004 156672 508000 136036 217114 133060 240691 557750 152195 457956 580246 194775 138200 361184 380140 112882 145080 794080 132747 201585 141943 412472 210079 563617 116590 385520 123394 490336 127816 516976 240724 110688 103920 513034 557258 100000 259528 118282 153148 203680 233414 664631 242560 268329 372313 181855 568860 167200 148504 132881 236104
204049 232736 158437 231768 475333 135501 417190 574750 179378 260130 352095 100940 345100 740136 129220 399300 298237 0 437995 218628 187494 491520 405562 296011 175900 154178 113520 140326 143680 430211 208780 259396 710402 886296 300244 274432 360228 342841 575700 701056 107236 328330 239909 178540 452590 494179 127918 498112 516164 131320 531871 153900 134104 138701 644752 343270 107200 696904 265096 114950 173684 164813 480668 299585 211804 314710 212365 198696 558488 240373 203950 351996 414661 530360 214245 480226 465586 314082 591220 640244 136634 162972 168148 285801 514400 149419 109768 219625 216724 136216 196292 218490 196924 574360 611701 260272 551360 111840 283920 435820 192856 122536 153179 396103 299987 320970 353528 250844 348561 439657 237830 539920 520744 207732 335768 137989 396088 122325 125190 163774 634275 221422 504250 391078 586837 195432 119590 604270 263464 106228 145738 392760 469843 103520 858814 141832 498650 664185 197881 137310 213680 524666 135844 544600 532245 439124 172816 288362 305495 152364 469408 204710 902450 471350 316339 703905 253000 206878 278583 186299 216340 442226 250240 381580 356738 258100 102905 695182 170632 230312 344020 115198 576280 154026 208117 116621 224434 362880 705364 364690 156133 221034 205780 168208 675445 820780 144600 292268 269608 105580 232392 367540 118800 131374 143605 258710 129904 107765 412777 255106 199416 643360 100205 102968 363580 102912 665248 200870 328942 645175 132084 212400 140144 703946 208940 318312 735616 348745 105031 623000 219168 137950 379130 291980 291864 266497 231505 121280 294028 329755 210896 952339 588884 295804 136375 272985 685871 107728 212448 199900 144522 145360 242884 361520 162187 271760 114820 580717 646984 125482 339613 215988 578794 111124 245350 108046 307930 104741 197724 434320 107905 836092 110496 259637 887248 219175 502273 100872
132760 183430 559522 195876 214848 297690 234328 114668 581338 134100 215192 100000 155146 491006 108778 224152 223956 437995 0 407020 420796 109012 208680 449416 558440 566900 484912 521059 112852 165163 342080 149533 403705 112870 553071 250420 149749 544405 108970 136192 369730 483031 334975 249565 104473 248300 109712 510897 220930 397553 276843 173750 104017 288848 250150 205842 229283 340381 633733 518690 271904 366112 331570 172060 299350 348540 126810 166648 349418 618100 728287 343162 128350 148672 322456 116872 203873 454117 103075 351940 207097 236465 185360 235707 403240 123200 220330 253855 186541 130096 624334 656206 296200 314011 160724 365980 104092 120414 433308 396450 172059 177786 184790 217876 187365 100900 273329 332254 386936 440315 507583 598694 110644 151568 404204 250732 205300 214915 104635 290800 395620 322976 153700 292517 183580 144141 325266 441379 227072 150386 221023 155506 100403 192209 145209 117748 432274 189024 405613 868108 139216 396310 150652 159514 229696 627549 879800 384614 284704 146794 190558 160060 197578 136764 432605 413116 302356 165170 295570 215025 277000 207976 150130 213316 143872 335012 205140 450800 825516 637210 192568 279564 208160 596305 560272 154627 103740 119968 145168 245195 809920 457189 138631 187804 131098 242722 195534 113728 113740 109950 205186 376969 164306 734735 136624 320014 230674 361807 231272 171736 391330 127390 193534 117480 198457 256409 217936 558847 169660 362913 131382 204705 433909 210911 290788 353584 163264 285827 372427 489060 286778 328420 612880 237480 828643 523976 140300 139963 481257 917749 612256 517582 111325 240940 209956 285127 102935 275813 320875 131608 659062 605195 195586 112285 361405 506986 463387 216523 148165 117664 111466 259100 198171 606688 210176 654184 933368 104290 345322 330520 261710 752835 785720 216865 606898 200980 243161 101239
242450 130498 135946 104160 196580 408481 103384 124120 111340 106987 452374 345272 114144 207882 122516 209478 114050 218628 407020 0 288932 518048 275877 169342 274699 480373 188236 444624 125641 134128 541040 126796 515104 102040 775243 884552 105214 255170 206463 177073 109152 216004 211957 386059 598200 731935 107238 565402 946132 225132 705663 368482 299710 230519 331030 307620 310366 376969 489940 108469 171912 131558 351011 143818 501494 232696 485836 528643 158293 232864 416260 423748 198956 648502 152049 192610 139600 290494 287030 571771 382808 117548 125597 342272 133417 158212 336651 713345 113520 198865 214625 360760 176838 640427 436338 278960 126818 419210 107800 442820 129583 211672 290258 525516 627730 106426 253144 403403 327614 368704 402034 102505 177938 111454 404065 248584 640056 388492 343791 230592 149878 573680 295860 112420 867748 169084 637894 428304 273630 223372 369352 192274 809353 210016 821710 154142 142772 392812 763708 399728 159730 432112 101984 217180 277008 126825 533289 363337 318736 620902 598480 761680 738550 514625 196256 389542 215774 179192 256138 695607 277454 152629 180352 428548 115246 151918 348496 254429 192194 515143 169615 121251 294296 662950 195030 134880 355595 119076 139816 544380 142698 504320 106336 448216 597448 398500 340580 157420 101764 766144 189040 139262 403394 130954 217656 106188 241480 170984 282574 397924 175423 294728 359350 337405 277450 440985 668465 372609 162517 161788 260425 226360 158565 187984 201552 648100 501736 447393 189646 125970 230611 719038 170536 470944 143450 391305 133462 238336 117324 479454 193357 270752 390400 710563 287408 296515 176035 362108 165575 811633 586920 103280 190240 204922 237994 329973 539824 149742 123966 437155 323395 624000 469380 262008 107185 123916 402460 608232 649810 730500 116944 151900 165905 330472 202678 287464 739840 461935
133971 107938 337031 457576 566622 105280 474945 121576 329440 257377 180028 129848 415003 149357 260734 520888 277156 187494 420796 288932 0 304816 102974 410068 106968 176043 454016 142705 250626 163220 206560 926785 257878 414696 595012 147886 134700 559096 439416 393384 261320 414760 214125 323608 278188 705010 274720 314512 603685 567082 123305 169126 476683 214108 101080 391352 142418 125807 172800 233812 159714 157420 160255 200430 861781 155760 277909 440305 111424 128896 881470 609340 593644 136572 136960 108030 112000 516580 193577 471280 505110 123005 792634 415588 253440 359272 325552 387452 360996 178540 309643 315109 178044 100897 283400 106156 410336 126686 583365 149450 294040 195371 495418 102490 408229 428520 127854 193224 103990 565304 439930 100938 178752 377306 100000 514490 108316 272320 106957 191476 110152 340903 586761 339580 100704 667050 734624 121528 110353 144820 200280 125812 260992 530024 196406 408072 418799 424568 336447 102771 306739 113728 324272 214122 101736 520840 373456 108364 462584 104320 132856 110340 289688 304680 183979 521508 503623 253520 557032 271414 372403 528904 678790 292104 288182 648504 349473 351600 757237 505900 205056 155022 174936 409690 542455 655965 358945 102993 125544 386224 218243 390576 645334 278464 417331 313671 297400 645454 359440 144932 607788 111000 175108 428440 221248 230103 445462 298706 493276 417584 319126 723055 422048 117982 521036 461914 301663 390140 287110 209538 172539 100000 102225 114600 155226 525691 513490 231028 504488 102697 209440 168985 712254 161254 102730 265608 816625 638699 266380 278948 111634 251125 666400 217706 552400 420436 355623 392552 335303 200500 146292 609406 479750 348712 184078 460388 277523 526998 124075 107511 415510 131110 703618 442684 202706 417300 258658 318860 389599 171232 251081 127120 106930 170516 730702 106864 180837 121669
