217 1
0 591724 519012 470904 313885 534454 130460 615190 100823 450746 278112 473984 218320 490016 616800 735327 234505 362836 336912 585248 252832 161831 321663 252855 173776 501991 280530 387385 102040 303715 266320 355990 375504 359578 221472 147796 155350 361765 105472 319414 512242 698662 561435 547600 146452 306016 355354 103666 240750 609334 125140 150890 122185 366832 447797 163375 189250 102776 491702 161320 279568 189621 157477 466644 598176 152371 839530 196150 416496 132266 540477 316560 470194 122698 147544 121087 370974 366772 378400 236092 120616 109911 480560 329520 349570 163568 487140 325112 771394 281274 749264 852239 150358 251028 343243 299593 587134 212112 831302 251402 154600 401125 428250 107056 134440 264850 168040 122066 190751 106510 139298 111628 227410 163112 102760 263200 150024 118537 150968 131465 387888 218080 175332 218590 794960 451702 381580 796540 887332 134799 446338 106154 872996 114904 132571 242428 722706 732422 595600 355608 857302 119503 270688 268128 924209 343445 366090 189488 403788 512380 184303 238012 446764 593122 387556 274096 101105 372874 440400 253425 272202 264410 571627 177066 154338 248993 100000 151360 531802 116624 288235 130905 154900 595824 561820 422594 195710 523586 103910 165667 343740 120862 108780 150556 279487 270187 106887 117353 260729 183304 331989 135093 309304 390554 331767 309908 397107 224542 426528 263264 284296 389325 353062 414146 161446 193684 411410 137073 113458 183200 139273 566440 246190 151428 578584 103525 230227
591724 0 164233 415700 362936 102835 107870 173416 106559 264667 558706 129729 352805 214088 234101 820576 123517 253504 922681 765028 415876 200980 237853 356620 265264 160966 153000 289670 135972 524865 180535 168628 460450 798152 111394 431650 204538 280960 321328 787324 190712 458440 275212 389380 399052 371365 147424 218817 224245 263305 585212 220414 305029 262225 409290 103745 326182 279634 130272 316412 184735 550765 133516 131020 102889 541753 167710 227374 798317 221524 538489 590413 150830 306426 660260 684430 182368 110010 188257 669294 164015 485477 749230 243983 187975 793495 395032 242594 638098 326251 894475 147322 171388 423820 434122 930362 406070 133712 269125 419800 209497 145024 168068 104025 116530 598108 582496 115700 522752 436720 199216 253318 100812 130084 680292 355786 365174 579353 415290 217216 760144 213712 706771 137937 509318 394126 385448 195800 831936 523864 668385 120736 241375 387520 123688 402863 598316 129868 116910 516075 558252 212776 688497 337474 121988 181396 147700 234774 261458 563590 104511 714215 929864 210985 575992 537589 222056 543155 691232 411102 297190 850360 859115 447700 842250 472872 486240 117970 188692 145472 203952 102389 398701 134080 159670 214062 148421 162907 143272 223714 352747 293116 246860 494459 760020 384200 117484 272788 138388 503032 374365 638470 319264 198064 434350 160092 290332 599608 146656 148540 637600 109333 165450 190558 242275 389190 131813 511861 429896 466795 220554 139579 443980 116380 265088 664597 641446
519012 164233 0 306226 683363 780359 463393 446554 335704 343360 495815 150236 595420 227224 164321 119610 287866 124325 116656 310560 544990 194129 469200 459567 173036 341205 195580 748070 289974 107700 102418 452656 202333 323876 656928 306360 744832 193766 214224 330808 137664 108229 328555 168310 146494 439417 103880 853102 221044 130480 250714 696336 442090 185850 209200 385936 153636 259552 330412 211578 281548 123636 405844 203418 210440 470678 163648 289036 218776 116896 193664 396512 105670 311510 300969 310974 349942 615684 395122 207587 513700 132318 150875 130624 464561 120450 172611 360309 488647 215423 167876 418480 197092 109460 434476 176755 218938 128750 532128 534460 355006 269440 107826 484564 190860 161393 498412 475998 265362 312784 757657 145762 189400 375745 560515 118720 361001 323635 273299 144310 203201 501280 649792 146560 554936 468950 355792 138781 387352 123698 328000 119008 204016 118324 122135 443057 181246 753670 163396 586948 116826 361268 256933 293223 167670 112033 165205 177393 155488 227088 191881 120040 542508 252684 280492 751792 264980 284860 175110 113114 532432 124215 110591 128480 552088 429130 206974 135940 488999 718332 185244 591730 412984 647308 105151 102286 379565 133887 120832 411360 105859 162685 100142 176114 115930 107203 450655 103666 239425 246450 130444 234792 242636 653040 460240 616698 414826 260524 419157 357088 218728 410744 348220 460609 108750 492925 284842 446346 232250 214342 285546 502712 237550 155115 295834 245980 450002
470904 415700 306226 0 212189 297726 318064 299342 132076 231280 285500 626584 270940 239209 401052 382200 196747 444648 277926 234784 284365 203680 110778 202000 489949 384160 115552 180524 362656 203230 100000 100434 169784 457000 208450 728725 198303 451981 104434 325594 230158 149773 380722 124720 682484 538876 124541 270928 589340 836278 217018 123859 882901 440002 483097 140208 187430 545725 375872 455524 334060 328712 338300 829711 444646 513010 203587 317086 149856 223715 310444 231330 320050 976668 174490 532936 245605 159636 151050 125821 481275 212322 129392 227985 126676 464372 185916 321334 715776 632560 395928 528556 372442 171449 122176 112156 250255 207532 118060 445788 391610 188508 329512 323002 338524 213088 473650 199324 331525 208130 130375 158236 272026 540258 240065 459618 594800 223900 675062 113020 479010 132682 131977 119116 191762 356578 245920 259259 556960 103760 269689 139738 168172 634275 262648 259111 298144 242065 363520 396286 557402 153654 521684 363895 578962 184018 343225 127714 142320 155671 114060 138776 113375 153901 886825 444172 213256 208388 421750 356432 366152 484002 100506 218477 108844 152806 125234 827690 286690 141876 256384 271136 157728 398220 212996 166560 195634 196138 103024 289297 161600 117507 490033 743135 188635 438625 317316 609878 824698 352416 233200 652782 104160 378255 277856 923316 255184 106531 149278 500760 125365 741025 285196 327460 851392 512230 387741 218508 351723 176705 116492 432920 491359 439160 144640 548294 266170
313885 362936 683363 212189 0 180735 345214 439475 234874 192655 519283 244672 143206 122212 261490 137682 289689 658756 889394 132204 116740 225044 316154 111208 374883 416276 138440 224630 185392 400651 313767 405938 101827 165446 107668 390449 421088 437662 126550 363235 459306 183775 345016 156484 254656 400160 100000 326236 177675 440328 210308 403360 555287 262564 533566 396010 228700 254548 479056 607790 500680 340989 604504 194326 108120 311914 100000 103822 147916 584500 104606 113905 200694 123782 338210 533897 242630 523192 244118 340178 204210 451250 312905 227032 566378 301680 619782 614801 540190 247441 227065 170272 170226 435088 112900 352080 242560 112696 711918 795000 257280 121385 113020 314035 547700 126180 132157 197344 123571 242200 135343 170224 398880 329138 498016 185425 106240 180416 177959 324808 501280 144010 494533 447964 178400 185269 341850 295708 270607 319753 308162 120400 383400 105408 163742 400840 118144 102304 231790 824900 851545 265130 531120 163500 880624 564122 100530 517852 263200 121151 177220 379102 764620 511966 251830 447904 325953 540325 256996 168856 115618 795568 145974 778500 391876 175716 179344 124543 118360 180300 335824 136528 144896 538616 184757 163300 144822 191650 131488 113482 922288 240448 477720 139235 886192 107560 394624 115120 417625 920230 317120 337666 345520 129145 127876 703618 416400 242941 369010 158443 127018 309392 158045 197662 125480 651304 238990 189162 317080 272656 104224 658866 606900 388650 388864 168742 205105
534454 102835 780359 297726 180735 0 118641 283276 304288 174095 105704 291496 151168 593698 506638 260272 343440 162832 323573 161400 407572 159080 331044 102019 256330 107371 191664 118768 123154 228968 298090 274324 169542 191945 251216 172760 827876 114490 130820 655500 152880 249628 293192 117598 170227 195140 394406 792622 173612 149140 628675 114760 363940 170380 552308 431090 475578 276544 178260 489266 718802 211628 204181 419539 261784 555308 142478 117655 257776 163806 635360 134510 147988 103996 479750 176320 193862 404402 583444 110115 391648 272746 183204 105238 172964 342144 112080 437640 133137 502234 276175 279036 690426 683150 188416 418618 201640 143935 109462 238221 384648 181021 232587 224928 434092 343801 243455 277775 134034 300502 188614 119537 556404 238188 743104 419033 843080 119492 138479 810424 100224 322372 143472 221114 412728 109021 212875 228968 197278 367900 105104 534122 539775 168272 818029 102826 837300 482184 458064 226732 320887 213640 294535 532552 129205 761261 673781 338525 106697 493496 272800 736930 228384 246916 362434 217083 477002 472960 121597 562099 294544 444250 224155 340648 156406 235924 146464 332934 267810 257180 114794 282002 199320 207188 269974 542728 447072 327283 467640 280611 743741 127522 470760 620368 121960 128566 202120 461120 240220 163844 623584 100832 148960 548800 205336 186162 130240 130708 737884 532180 502780 609762 100858 739913 116128 199960 592096 294643 498259 219320 380084 320116 191550 165520 309100 137863 867188
130460 107870 463393 318064 345214 118641 0 183781 540352 283125 164638 359491 432564 559136 133666 370300 109102 298085 238320 564607 101960 240692 150350 228928 604172 172025 266428 433696 456940 623740 435534 382912 132657 173568 392994 828364 430690 218360 306592 112412 293886 111778 151912 282698 483778 129468 100656 275266 587582 208619 237781 745668 394350 148906 246916 155040 295172 297670 437610 686378 729000 269212 125750 354375 154317 598393 505621 378716 109270 671473 576927 463170 521210 585232 287632 624160 286010 177033 498016 518386 746877 108037 311737 172030 557145 295444 198728 508968 140160 528074 153616 116758 208836 105687 171858 645997 446115 536254 418228 322421 348045 132802 290086 612325 535293 100450 141850 112775 164584 123868 223970 181900 111844 758648 206299 781518 132776 439360 333214 860240 187822 174655 100924 139728 294376 193223 135736 449590 118500 113974 194908 160360 264238 339649 290727 607548 151165 844800 205840 340380 628612 305200 397460 331840 214810 502570 657984 460500 120475 144895 406900 100000 317404 740192 221776 101955 856470 445697 560971 176230 134452 156350 454042 212096 749472 419884 169420 227728 401804 186518 544720 141067 497664 781360 776006 847522 130378 394030 190350 300606 103018 492055 277692 106956 343200 427750 484376 245540 911734 295400 173818 339274 873025 123664 590490 546310 351093 391403 155845 244480 107095 274251 587388 104760 441376 366266 178176 576235 109296 100000 105352 618247 774412 142823 220131 301200 186106
615190 173416 446554 299342 439475 283276 183781 0 335572 428800 668286 216200 270130 315764 276412 134920 898560 441499 207120 636015 176230 329923 492088 223942 132368 692620 112068 254235 262000 338824 415648 105247 428031 463450 164263 557394 330146 495395 123630 206628 161152 231541 141699 248096 138280 113596 435412 315916 202115 233200 401576 123358 403340 883270 500458 240244 223597 501800 177280 360098 161232 253435 109145 260950 762879 143608 157960 101048 120691 100105 127594 490224 188044 147405 234827 108404 652444 838375 169225 634304 220020 157281 463559 101782 134680 593504 138416 101819 291862 112992 337568 401000 740517 211054 173130 347380 367045 274099 100244 371346 598978 248632 151114 195975 197110 359374 223277 929143 332128 107816 102400 543253 112755 306844 105960 401752 243520 445960 537190 243325 590568 372874 104972 153760 328095 232446 160640 152668 296460 360820 158265 671810 329887 407552 202705 129302 239932 131691 116256 144672 337900 114396 254160 589060 142660 120600 251389 210940 474100 106496 455406 250510 115750 765418 159182 152626 411060 526020 310466 146221 170632 210057 134880 512587 112614 102175 119432 551286 129592 282820 810846 879006 279732 455212 708580 398716 257356 654680 156358 594394 499135 178736 233980 123608 444324 118290 126187 817990 362514 656764 104308 765144 389296 296252 147700 160600 317038 198176 300640 158320 478975 123787 375480 148685 718102 388660 116011 338160 186700 188507 522464 145184 385957 178242 105670 637775 735810
100823 106559 335704 132076 234874 304288 540352 335572 0 317560 433504 295910 159708 199824 686674 118798 444160 101193 177654 184590 100000 165008 184483 584276 231570 199110 334092 744400 107888 108811 147790 437925 172100 254704 472286 579790 192000 174798 321328 205600 180539 228094 149600 186376 405625 279025 655235 296987 180476 153276 548560 149932 517600 324259 245008 261500 275808 104730 197200 314758 298588 206454 492902 319348 775280 238484 158116 175786 439845 228412 213568 787700 344864 527707 520152 518298 135955 180396 347564 160632 123940 284175 173800 272459 100792 478943 344992 492200 120601 267268 457938 135520 632220 231401 328389 264876 241401 284782 710610 282895 231805 507785 108498 170450 265545 324874 324282 226408 963306 720568 529777 391264 106532 359856 176160 295138 909658 264137 171820 526573 358545 205412 131438 128474 477952 951552 345588 264126 100777 248056 650074 159075 137044 296245 102840 176368 225802 103336 152500 336474 720492 145982 596190 327360 518608 673340 484888 152855 215761 193504 188256 251360 326916 314848 295747 448606 176032 192686 267088 609626 126208 397568 161960 455570 112888 350512 766851 777970 101360 379480 613040 288214 245146 728560 359064 624104 169312 253384 108528 163928 233668 528570 176700 152545 332400 266026 209505 982387 210925 168541 101176 517530 522928 424360 490250 104080 179280 169419 333536 142080 241546 108635 128728 722080 103726 102760 118642 149612 357488 537320 341944 748455 591571 269360 130996 259588 525535
450746 264667 343360 231280 192655 174095 283125 428800 317560 0 213160 108988 155692 178302 102147 177210 309100 192380 222016 218162 554248 605196 354982 407736 164170 159616 122800 192340 710645 179081 344720 189088 314776 293192 178171 571600 281692 297717 298954 149731 448840 744448 357088 194377 768400 113974 236701 124072 421786 318820 295108 180964 348994 119788 131236 133770 338626 118270 297616 691430 444720 363500 912250 495472 224740 102232 614674 512960 500767 160476 495438 138760 304631 430456 328534 602500 570591 449332 696736 695387 140260 102822 772612 511060 339010 457068 203896 234046 515008 121830 175843 588196 228450 110295 428050 135235 416176 353575 528400 672118 498791 225760 162514 249331 259542 119110 728930 748270 184360 301794 119305 393122 446290 241645 543740 401455 455497 136204 182990 563320 144000 286576 742243 202500 374725 115390 100912 365524 384823 427600 122609 289486 331660 662776 113018 842266 164185 436380 144265 504460 125168 519680 116280 108976 183828 102728 449866 108041 385300 101734 153760 541057 272593 168906 242117 391564 352217 860955 126025 149345 921951 117160 146170 236173 918448 286697 295816 325571 156419 479168 368741 346753 528544 773218 197284 100782 328636 245944 497536 428624 645376 157892 123958 125916 363736 385830 127600 201265 315275 497232 134800 130968 197093 251044 355960 508195 133908 163412 105334 108398 290498 279172 202595 148640 166956 208015 139396 122386 825610 100000 237020 577792 117228 345504 409177 545797 402499
278112 558706 495815 285500 519283 105704 164638 668286 433504 213160 0 640930 332656 242000 309306 242681 476212 475448 100000 299082 192302 334900 126100 738118 175225 250423 190758 111226 164534 125250 111270 221536 358534 124583 233560 391214 462691 448104 494615 170992 266920 388196 100000 122090 238159 104070 262338 747712 254154 220183 153466 622207 194635 565850 622150 336180 625600 210808 191080 448600 221191 211891 314266 634576 184460 595664 421044 197596 435407 172549 711248 138950 113872 232030 730267 675310 643012 208400 559164 190336 102298 102004 575764 247825 916764 549039 145900 513413 568951 247706 434650 167035 618456 258544 346747 326400 114904 534263 379400 139697 136729 130821 236762 118012 411466 507264 604096 117226 121352 495264 562857 134216 179794 281720 123700 161056 598684 204725 216864 423260 364753 660038 437725 880920 180808 302345 345050 253999 623230 186632 149572 830821 263782 256500 269290 221390 180872 314616 680725 155020 745539 100728 209590 446248 130891 294580 120139 147073 427405 350410 196590 224068 250480 229980 182688 101250 204580 382951 121328 100691 136500 192697 238384 143255 840417 796451 253216 611683 300130 149152 205042 168444 100731 351515 933208 543070 272664 315127 280380 157420 170688 396640 675532 429084 329770 258210 557215 388869 674896 123976 111328 147960 504898 241510 106266 604020 470284 104170 200902 103864 191080 171631 263000 335224 513553 481984 245530 344869 314671 366030 204496 516449 287854 518190 104758 251728 119838
473984 129729 150236 626584 244672 291496 359491 216200 295910 108988 640930 0 482677 149166 351505 342048 501112 750802 412081 211776 402208 189466 185956 226203 125340 315040 205656 213726 388564 145300 156898 272330 125750 118720 279645 319618 303792 139308 113671 119250 100720 562336 376954 339525 412455 120972 404914 518176 217162 218556 267986 134542 216109 203674 215617 277018 298912 470406 172000 575762 289184 305988 200184 177488 326440 165455 526816 314620 340178 179290 104370 187560 133579 765750 100570 102070 140788 142108 127750 442145 205543 203545 499288 596223 482872 104950 157960 472020 137400 602580 124978 371660 296000 144474 100978 526055 202200 131671 256310 379276 303544 448690 103102 163030 102320 203725 354745 760089 385180 273145 428823 155550 677022 147358 203550 325389 120416 109234 149760 652750 111110 468064 267796 382613 198208 295372 127100 674816 184258 204244 117271 477520 396568 561085 359392 272920 782696 112630 312624 446104 325321 819058 260960 454162 162892 529877 433558 643344 388093 157694 238180 221540 196197 453215 130525 203700 244430 925258 679278 380350 318660 306276 597026 299576 245728 158872 741080 330912 291022 129904 707288 171289 550976 358240 340570 762368 141730 270016 513910 175504 137259 603868 448558 262345 114404 478066 183424 344976 336900 117366 244578 500455 242896 141535 136400 137757 566710 449870 122072 100000 216781 443881 210168 143450 818250 309663 117640 164872 368128 370300 634296 138082 109088 665110 380060 117272 563935
218320 352805 595420 270940 143206 151168 432564 270130 159708 155692 332656 482677 0 134800 305758 120124 542188 321445 264920 439183 324762 313028 379875 634404 330310 457642 258999 718784 277660 296833 492882 228773 174385 433900 116352 823492 209620 176824 338469 641632 158990 577855 234579 130032 282470 749858 257530 525187 424072 174240 357726 132985 346648 235656 144758 727546 251320 135775 200219 229550 498698 459055 104472 222196 100000 605680 323236 107525 460876 154600 140356 631980 219996 279832 553366 447330 355360 124750 231887 223646 193290 207508 129070 275266 135358 351490 103354 483922 297448 216965 397453 111220 153466 103840 208410 235564 160788 825468 105130 190055 212290 253920 226553 226387 268920 110730 218503 585452 285808 416620 156749 354412 272995 150592 920630 675640 303364 645380 111080 256800 147840 256006 165550 276300 426520 555680 597552 396868 226280 449320 447940 107968 163856 264943 225244 556192 178750 305356 165650 576280 428496 557685 216226 178200 190816 402172 302566 101659 307216 354436 122977 170110 188128 379180 180560 163848 114575 357210 362332 308772 300508 167564 343440 239550 323776 397540 148001 227194 808972 102327 610022 342840 436770 402680 121912 220540 313696 351125 278694 124924 222060 274286 113845 328480 106762 201504 537052 615162 153676 838816 876290 145966 352720 124221 177775 135870 297904 772510 432040 774520 140320 203740 152984 109044 103692 526800 211484 135862 308987 554491 594802 136630 104596 212875 407340 228982 191506
490016 214088 227224 239209 122212 593698 559136 315764 199824 178302 242000 149166 134800 0 107479 502694 496529 194000 139444 173278 630200 108978 825116 831874 694221 271570 589060 121945 308269 254810 155020 451168 336488 274306 316197 453675 393973 348976 151652 688984 105075 455224 421320 581152 396212 160840 107042 158316 151480 159616 269781 248584 180052 185544 350125 101980 469759 209156 405748 104150 148060 289157 167620 203816 915419 219540 210691 900630 207939 107272 284960 146272 571070 105762 524692 240448 457840 131350 205522 232430 122152 651698 219880 241723 129646 217470 235280 208889 129970 311367 235576 205564 306823 101056 152647 623250 147904 401098 101680 266860 198982 189250 263611 409996 288057 333500 498720 328990 132025 131050 299272 285856 218575 134268 163495 564882 112220 599460 245254 206265 179866 241463 113572 132095 100092 138480 148120 274393 167728 637586 190418 476896 367858 509741 184203 508394 379818 188105 118864 278536 305248 307454 148224 208150 392600 150721 128008 482464 112720 117150 302840 100996 133720 520545 313824 149385 466288 190248 103258 217740 729062 485760 659562 498650 628520 216930 529245 150220 372232 317088 206301 210168 245248 133902 107740 198358 177112 288270 387850 800854 120335 192625 605386 522532 100969 144688 334108 164980 361976 180370 125564 277650 154837 157150 341892 217947 169894 219720 777970 306290 424816 548140 330529 480100 281650 103104 162015 131350 373020 100960 686264 194248 103880 304344 351808 305695 462505
616800 234101 164321 401052 261490 506638 133666 276412 686674 102147 309306 351505 305758 107479 0 292240 164722 704026 480730 119957 499735 373397 387690 148899 576268 170587 290960 293617 173164 113620 333856 173112 251308 257696 321704 103672 200845 172542 107215 255665 749446 658326 605853 429650 102795 380600 207880 321235 706411 222408 187220 207541 132595 396334 197595 194742 560672 127176 442856 209008 244900 206950 303546 400898 657710 199729 651230 187230 267902 190090 709303 113400 182348 144969 267244 300028 531970 559020 592420 276416 362416 404804 110140 108854 174028 215264 118876 268775 385280 343645 295670 355600 382100 397670 611315 216508 134428 612928 201703 437953 108025 225783 612450 214741 142978 491181 428560 402281 211834 854290 536560 281040 121840 400484 105862 161423 172165 282457 628670 128014 833818 607244 100592 172576 487244 182524 135836 333807 258115 110332 267700 221213 235468 101856 184240 115846 198696 132555 392032 339200 290548 161996 148074 124150 606656 511012 353050 311990 104347 164056 177688 173359 429751 251221 216389 757324 674770 329026 253846 100000 582676 312152 109075 214975 593878 100000 446608 244255 130030 327204 522784 175520 124716 275104 235520 500728 112160 570206 424159 244979 134706 143542 313594 152104 768955 509605 133337 149343 326250 810990 223066 117595 280977 116146 496270 223570 601921 244624 184845 198336 134840 433626 291619 228832 198164 301584 180507 468468 300880 246664 109802 150787 252514 141984 111044 372475 106080
735327 820576 119610 382200 137682 260272 370300 134920 118798 177210 242681 342048 120124 502694 292240 0 364115 214699 352992 249751 226714 642490 125380 325820 156816 204706 253120 638832 228380 583193 127846 242311 217306 398727 295998 248044 421550 143282 109009 258813 199407 202648 163720 179380 103492 496900 521876 744000 220904 100786 132828 539900 670762 161248 497234 141544 131855 722300 271681 514120 140239 119691 248920 212488 155188 105800 190465 431992 301584 303840 379860 420070 322611 278848 257064 269763 252602 112558 620331 100082 109930 233155 584266 175060 534350 182450 101034 108418 411888 205732 268168 225788 434325 448188 758460 149569 246940 691525 450415 477088 340931 178588 169954 287085 412949 430759 728758 172002 355910 381996 102312 487150 137410 578170 347585 129104 270850 213430 451360 210160 100730 154032 774325 193534 118870 117204 655900 417376 646000 592275 307636 193132 152496 114552 120556 200636 636778 183895 129484 419196 165625 179298 135640 170308 100936 429692 157324 563624 179692 169812 222012 105392 106916 324865 175145 330656 221285 128560 162767 424520 159076 383764 208654 109036 122530 103315 244925 209810 426400 185656 335248 210484 122295 172136 141613 324405 175816 171688 179920 600598 207128 541180 225965 249000 126166 259300 193673 576092 401254 219364 333815 408412 561302 186158 107254 561664 239425 100868 261340 331088 219875 549493 358152 444839 354490 707899 282655 299342 100171 152288 142084 365832 568120 100940 104920 510704 275260
234505 123517 287866 196747 289689 343440 109102 898560 444160 309100 476212 501112 542188 496529 164722 364115 0 199540 168839 220596 134348 341600 350104 544860 111370 180750 463027 224020 702685 612831 397297 555736 740320 107930 168688 215752 293536 120800 324352 572872 404398 104944 416794 236800 306858 910370 712684 362548 244992 100630 186085 153482 182908 755659 333366 136494 128584 122050 117766 144603 391942 114770 119656 430616 341710 126304 302272 349895 615017 485700 573298 403552 384898 142965 188274 106524 498356 282208 411993 160896 104278 125320 181092 126367 124856 129232 334621 750900 227650 102096 297155 240895 486386 671568 214180 260555 131527 127417 325888 485966 156158 574080 603620 269423 112936 548560 116120 407468 397434 110560 618320 239062 572406 323590 130317 162403 150620 137557 288574 130150 220450 114508 363670 470737 101947 623365 422686 709660 103900 260314 197902 350131 293356 299875 138475 107350 206869 485992 241694 268399 109624 327964 696646 603480 633120 150264 215050 133489 286086 678004 252932 113134 231467 472762 287036 822408 113320 157332 273329 271920 329086 161050 158050 418500 272674 600832 129295 259030 235696 692800 477163 300804 184182 246668 125256 282214 112870 102650 194242 192568 579906 319209 632532 158225 106867 295510 447130 202486 153318 250144 238769 437688 212270 226868 129796 115547 157564 596036 120536 462152 324460 166120 291391 121060 303522 356082 732835 126640 529520 109822 102022 129541 435360 161500 142240 391852 207823
362836 253504 124325 444648 658756 162832 298085 441499 101193 192380 475448 750802 321445 194000 704026 214699 199540 0 126593 450812 381464 229492 120216 103228 293440 466792 369577 202975 354014 132864 153669 129109 255136 119875 290920 263553 161456 104624 259300 100000 186989 162160 187840 568441 454438 277075 164395 305296 189640 210561 462026 630842 460150 187024 824775 605344 100000 236780 216696 266433 125823 341371 361870 124624 418240 428378 310888 685312 250450 125014 332554 748900 322377 855150 196285 181918 317940 184607 325096 169432 219718 444223 165435 105054 313312 248916 712872 193384 367776 367930 388982 232308 256130 368520 171955 135560 301552 519608 236752 108908 479454 309214 144748 665981 582175 130874 145576 167550 178542 103145 210880 757306 168457 269708 235300 121960 153217 586590 316936 399796 476096 188028 292129 103219 362795 253283 276121 450610 152200 102580 315604 380236 196292 179378 381718 205192 175012 349275 231468 499456 167680 128556 828532 218272 162010 139167 184836 264000 229213 175260 444520 275959 146846 271166 604764 187465 268500 157312 154162 110080 561968 142994 145591 901131 324213 508798 667360 256708 566560 639982 354546 358813 371728 916672 109170 167146 107750 414796 485176 163948 256060 278920 399556 654719 185330 250304 259250 682930 183931 102184 176920 151636 112760 144835 105740 214333 526125 255230 497474 313528 162361 599200 168174 110161 412708 147872 373859 401146 134524 201824 592030 307897 636544 105559 142665 806410 478035
336912 922681 116656 277926 889394 323573 238320 207120 177654 222016 100000 412081 264920 139444 480730 352992 168839 126593 0 294180 424522 220176 246862 646862 143312 192466 148363 461269 347296 448440 748856 199586 123996 106900 548032 200329 129106 208006 263100 687020 601228 431772 712861 207910 419788 285760 590667 387470 361290 190090 151480 215964 100000 249850 521603 113310 194050 112760 494988 274264 403599 677962 762979 124480 130744 647069 361972 313993 517879 682816 143428 145824 291364 134650 369780 481107 104020 215884 109114 375480 150380 513295 109512 196612 381298 545250 210136 700600 348412 313796 130240 186894 565050 501128 249270 713904 733276 403175 331686 277947 866380 603004 136180 569192 141309 588727 375232 596496 140228 120597 115841 264796 526272 127764 889276 624262 108276 113860 156135 123780 274862 680380 272272 110944 264087 265006 368800 826100 130240 200188 103528 140200 107223 109840 492262 140502 346615 270129 167712 362676 255844 201277 516691 575145 517280 173080 119902 190336 320176 152353 140896 129365 367257 290244 210618 364894 307630 295503 331795 349290 385740 329827 408500 164367 175482 242434 316084 141940 144880 230968 120713 241273 137100 258311 289568 502344 100340 127192 402876 217156 153592 591680 460423 108528 298814 118513 545990 436630 346768 875320 274957 476544 393756 185211 264556 160900 187120 141031 180883 595060 116850 164925 632245 153340 532264 213856 334080 349936 526250 247684 174385 159360 119599 180718 363190 632532 652328
585248 765028 310560 234784 132204 161400 564607 636015 184590 218162 299082 211776 439183 173278 119957 249751 220596 450812 294180 0 430003 156196 721432 351762 810833 790606 133774 276080 912900 114079 122100 155692 228154 386083 155596 286264 168696 346300 105767 110944 650596 543238 237799 270625 176604 479127 665704 116124 125187 338875 695965 132640 219040 109234 105400 578588 666775 213520 110616 112312 155290 132130 136477 160800 442125 327370 165604 197788 148875 142039 316132 114960 184096 132947 187248 547888 360700 119305 606016 348240 126715 110472 321172 113332 352032 130888 500214 171409 703174 525847 248750 591028 593332 436841 394816 103728 123058 127738 213460 542112 219121 204880 263584 174100 453470 368620 241232 186975 101710 411264 486630 691360 102190 394263 384050 680320 379125 172177 533504 126377 547834 202836 551710 111934 620300 323407 265635 279113 113776 150876 505855 209285 115470 319696 104060 126962 270312 133516 153055 311401 458668 103696 572056 439316 619196 502506 570925 165472 563256 272095 136198 315635 273535 589972 562820 165340 100457 118408 580516 114348 728660 131781 488600 228216 881066 265640 122800 397450 121228 112207 196650 137952 365742 356065 242272 855132 211421 171240 100400 482674 370720 176314 174448 231318 159616 335828 130858 412566 315448 593640 485875 348666 166924 613570 233920 588838 364708 374392 196397 210946 251470 234676 186496 144650 217424 171040 124681 132262 260588 160198 400440 682152 404101 368434 203168 386104 115570
252832 415876 544990 284365 116740 407572 101960 176230 100000 554248 192302 402208 324762 630200 499735 226714 134348 381464 424522 430003 0 784108 133078 481996 869804 337748 127606 364549 291675 142188 101676 157876 176446 722800 270649 111778 185350 302210 160660 293698 148840 448000 240079 218295 110000 702875 724560 891568 101129 527536 109424 232840 122880 664300 294142 305953 466177 141035 346797 512192 351587 309872 149926 352976 744895 246169 128512 409210 137592 165700 219730 560152 174542 366336 520240 152822 132376 236188 129934 673097 105315 572236 102562 799624 531388 186640 286582 308008 110824 398354 538064 171502 756490 167680 277840 209368 254512 157195 508702 248940 201824 188150 237640 265416 426424 772030 130360 315985 398342 143512 121580 116760 851548 103290 422200 297513 221740 241764 593374 509975 314230 705412 148974 261472 273865 136855 308845 122968 204280 334430 140885 235788 352688 199330 337147 203785 328967 732172 219364 449762 137240 532106 171336 610094 423460 532160 116562 602750 287259 417850 410002 908772 266530 437736 129422 529759 150847 291436 387300 131416 985632 315460 289422 794722 258000 154600 394840 497528 168992 194572 627292 226844 194911 422707 188088 411136 235061 131390 631988 232356 432055 240920 237588 124768 261403 170770 127360 206524 716120 478504 329749 185680 187828 131650 131346 428671 418825 117148 720048 474828 107038 183670 102291 243920 314880 166172 506203 277310 842376 125110 237939 162912 606957 686176 214380 666250 160016
161831 200980 194129 203680 225044 159080 240692 329923 165008 605196 334900 189466 313028 108978 373397 642490 341600 229492 220176 156196 784108 0 100000 220024 293264 309000 104524 204704 224124 177774 314675 311878 151579 324896 143924 225010 597250 399611 445911 252768 126199 149940 232500 104780 430694 365880 218923 395120 358786 145344 126961 242352 185134 201724 489790 514557 444097 268960 649744 164874 385342 209746 275936 135733 777457 582788 221440 124521 176830 198235 116710 610561 868844 558180 173808 593164 141510 761713 417655 101206 105577 483040 520192 137674 220428 311816 370400 326557 448336 391483 226910 695686 354196 410040 180575 735800 631286 306136 139990 232878 377134 379364 435940 513220 413788 223510 357923 444793 331840 162181 222494 152754 504859 832550 147619 384832 167100 362740 128690 573663 571104 104500 110283 307074 351124 419792 251174 637868 202560 548440 531460 364326 388695 150880 454480 523708 110604 119575 320506 115216 156287 440967 474448 557177 172624 757686 502408 128314 330212 143264 519485 272224 459786 569392 486804 294618 102128 341623 247231 239644 932587 164177 197686 150715 377452 266096 226309 200164 534000 430120 129484 786464 135867 354820 832940 440272 146035 900805 874247 467708 102142 267464 282672 653311 253052 407832 271832 332260 100210 235918 497440 115582 460720 248736 112558 109176 112894 228740 106732 114300 173290 247320 106188 175888 100085 727936 645874 613702 612502 236800 198600 307726 233540 134221 102679 194724 400605
321663 237853 469200 110778 316154 331044 150350 492088 184483 354982 126100 185956 379875 825116 387690 125380 350104 120216 246862 721432 133078 100000 0 343955 501145 640216 323905 233434 271891 420208 284688 228443 237856 152962 146699 249814 273072 660224 538198 109992 550255 445978 335347 223114 492886 170590 786504 115300 290773 111194 297862 132625 391297 150666 573711 725702 173150 253664 310756 364688 751135 102880 135231 150512 103309 102831 305641 430905 415330 128290 141292 113233 119710 392410 641192 104730 138094 330112 227674 146308 100018 342268 620650 489594 297964 260839 834580 615270 282090 215527 313594 156160 405518 650848 201587 242738 156696 276204 143890 342436 114300 817337 250192 868802 108640 109667 163655 680696 633184 129444 102560 202905 121112 478654 416920 114283 272396 129316 115267 124750 104765 348331 321843 109108 230185 211440 531725 128363 421438 664500 474556 171010 414925 167394 126939 453682 296078 212866 579399 265900 509224 110550 505020 559306 230200 255870 272050 572374 155432 427236 836791 151975 134770 643153 117850 163189 418594 105452 626032 176398 598012 295570 168901 149376 262032 161425 294976 154594 116756 296443 142066 635080 179980 457633 154945 347698 117602 504566 723310 320590 157834 109240 280630 185054 146632 528910 127300 110410 443850 123000 158734 316195 674821 190612 103528 531613 193396 719106 685718 425686 480520 236030 719616 419210 206323 123300 173698 170665 504010 142246 884668 159187 366072 239378 422436 434332 209720
252855 356620 459567 202000 111208 102019 228928 223942 584276 407736 738118 226203 634404 831874 148899 325820 544860 103228 646862 351762 481996 220024 343955 0 110044 202784 130704 151168 124638 160375 312230 164260 292296 422658 557050 443160 120640 866758 409329 169120 269955 335818 146656 480700 339424 180676 512064 299766 347126 464728 691965 732808 292753 379500 230682 405775 123716 103875 365825 869230 100000 251290 104675 357894 494979 143588 170525 155930 457110 125327 398025 100597 129172 109024 202186 149946 100384 668422 424120 123690 101218 265375 312344 285220 767380 248444 157035 279552 129670 488539 182134 120370 141616 231556 543685 191287 205770 314032 150922 174108 508873 363427 175831 148630 488548 404145 116514 306926 448235 522076 161376 143512 448696 162432 154648 478378 105596 368593 428020 173030 339980 117982 255709 237668 307648 243314 166379 111760 145536 160732 142398 363571 134317 266770 147196 203103 159864 104914 141692 145216 747680 114094 169930 657601 100000 937810 150268 113923 116830 428900 140986 246466 100588 133288 319604 280550 136842 102564 496506 477478 248208 215669 167970 102985 382170 455569 501062 493380 118486 118580 199528 306586 112440 434029 243106 164964 461916 552142 404046 246930 129375 733128 377884 322220 169476 333760 120387 183520 500704 589566 524080 158087 537917 184740 130861 114172 104315 244196 648811 380896 321309 136652 366166 395488 428590 349986 107356 143176 273106 314959 421264 281613 637824 274629 796204 313280 497194
173776 265264 173036 489949 374883 256330 604172 132368 231570 164170 175225 125340 330310 694221 576268 156816 111370 293440 143312 810833 869804 293264 501145 110044 0 332329 111868 240532 749060 178492 295804 968182 101048 249480 330500 105320 179118 277656 224424 208528 138556 774557 190768 248962 172048 123532 545810 205424 268480 465928 109405 217936 438522 395344 223552 221650 288331 886225 148418 733820 123820 225969 601900 283204 307044 269907 699610 711146 221344 215200 436996 129200 189211 674246 256996 497596 144275 198439 167496 355500 270158 337188 277906 202120 801298 283078 386352 456406 682274 108967 302386 251536 806584 475410 744446 630212 165455 123986 112431 134770 744480 588160 666092 527884 115141 421134 228464 565624 378187 401444 248500 647617 656164 202290 351995 107088 142222 622560 270180 580352 270642 112220 747360 143208 226576 416627 774237 103420 232008 127075 117784 464672 417250 297780 324652 188977 117098 140600 386020 519655 156286 106622 511996 109975 431814 482111 612148 573688 203033 238267 233980 106909 832990 538766 170707 403996 176993 234853 295320 131093 433180 301411 295965 269048 131160 110076 616490 347404 256600 101540 382816 202846 173749 109175 438840 522144 250990 399930 322750 383400 819360 398546 388490 269248 420943 210876 100510 163882 342865 308128 145612 354508 559987 177330 342879 414028 305686 303329 134450 211867 127370 182935 325090 218600 132034 202200 193905 239832 140144 162850 154120 513712 146982 413440 326094 496948 100000
501991 160966 341205 384160 416276 107371 172025 692620 199110 159616 250423 315040 457642 271570 170587 204706 180750 466792 192466 790606 337748 309000 640216 202784 332329 0 238138 464562 322177 238123 196228 459073 250230 285086 366960 729856 505530 121455 135880 268171 344824 132832 164960 405456 578270 150429 219475 245002 265495 344426 149032 809405 305820 245332 258117 829488 235965 342536 590184 133768 139135 137232 194848 230313 450844 194720 583028 787078 188519 236000 700065 221704 246300 171410 397621 109536 179926 167065 217320 106032 723007 473230 212827 122302 144528 606412 213084 150320 624799 700576 134695 437365 317348 394480 181685 128451 129719 404648 558810 171328 128288 554536 455945 193204 245280 100504 430150 531886 449448 354635 104212 244039 537369 262890 218450 139644 676762 711500 194164 163525 158212 243424 135828 135100 287452 944189 559382 210922 725140 160434 558640 168159 343024 514843 880209 748372 121160 426196 627850 302833 106924 154782 378024 209620 346574 221818 520180 226990 707836 131311 140410 108720 502458 143746 115841 396340 108949 463050 259341 183832 228849 281440 334080 174256 222713 129731 119019 297577 542856 131920 223120 693600 832447 123488 625300 156260 245558 144826 130652 827776 661253 188830 148426 200667 168060 188205 420528 121004 302776 220512 293444 355000 663136 140863 643024 497316 608010 643405 228112 114322 489449 158394 379699 425816 353368 108492 162445 450064 393544 225058 253175 502857 530760 303328 582733 226360 194220
