212 209
0 172644 405041 215328 408568 125322 229592 176077 151340 273250 194290 104860 270370 397836 717386 283560 607012 757967 330956 550475 268099 453894 579160 316726 465084 430021 394489 266950 824980 107599 117676 400501 213102 694260 463258 459982 589856 182124 833193 475596 187738 229761 233665 366952 446500 221776 229136 606775 101548 232075 264424 743680 779003 332412 456189 180295 317602 125270 178208 147360 158890 129680 322010 210840 188290 124931 394440 363625 259528 158793 112580 169255 409720 109136 119345 373180 243025 659152 387469 471619 265354 201016 636112 132382 408669 108208 154855 156867 226846 439077 111737 138915 199260 108684 539725 517186 493078 232680 163560 749822 200681 838342 688588 228820 233668 466294 148691 142066 226730 550138 157448 124961 171460 595105 335752 268101 167100 248382 466660 534532 184870 314266 148604 170053 570016 135595 479776 328672 111636 131374 837804 229250 455995 502336 219624 149600 133065 187725 141122 375466 246860 447814 537008 119950 121052 312344 145750 104566 349688 209816 295238 184942 197211 317770 305994 414820 354400 191029 342951 637744 721023 393364 335152 161560 226714 123621 255344 428210 482876 807040 232720 182850 729800 186412 536482 153064 112792 304490 170680 122243 172587 264934 854698 763040 312940 286300 597568 198790 857080 148118 369010 191344 121675 498475 296988 137248 179735 186518 254629 457168 154054 258400 138857 136500 301106 658552 496275 340500 608662 169892 335770 764045
172644 0 142140 211090 111790 322105 239860 473641 310984 935744 101428 421382 262692 150161 163225 266083 259084 428930 417730 436336 122515 226440 120812 550840 153040 432369 100000 425922 248500 190024 145045 285180 149664 318364 258424 150372 142189 801364 155347 447985 264775 225080 202165 295090 515854 137521 109858 159436 158158 517280 581074 124480 120160 153133 589426 546215 555466 132560 344871 127556 507790 191572 142336 102640 586000 497488 134751 168536 390880 174298 317073 468530 186043 472052 818250 724780 307000 725947 360866 230917 181700 159126 803248 526590 280310 123900 677114 166402 261841 139770 110206 691856 286636 619180 373830 185488 464560 217096 511199 107076 225160 576504 514750 235752 149666 752680 136414 171060 110126 301440 817355 293428 279859 346304 162444 355860 326331 981755 560320 440170 235861 203912 634683 475022 211972 528064 310490 402080 220612 224085 125678 259380 621922 241240 159884 100672 253558 131518 121648 137297 142545 346800 191355 104272 122599 565920 756640 484900 283251 154312 176740 831225 431150 350920 316931 188290 181168 128520 569646 216802 309800 181468 351230 326820 635095 109224 231892 646720 116070 111280 108910 432640 209725 150525 134750 128798 859257 503040 259797 116096 100705 162868 367854 612322 217546 338788 683432 588560 129326 175702 151943 211456 269223 145878 103820 109945 189590 333616 235680 104899 620168 642511 332144 248064 236335 334954 233168 340864 293200 195130 450496 179488
405041 142140 0 525082 364682 850552 203936 609571 268567 296544 105810 558316 373240 723948 247569 112862 482180 285712 157393 118337 600409 348646 169596 941552 156135 171700 186172 463610 100000 135758 106240 106644 369028 247850 152688 175194 705744 139184 263200 126796 428950 547168 805860 167512 402830 264455 311446 222996 294849 161204 847684 277952 797376 148484 105060 213850 201453 290859 247003 233120 682582 432520 420499 125740 132810 173660 100000 185860 184972 261596 127626 193885 160236 435478 290278 115753 187924 328375 268116 458062 226540 416602 770395 274344 455722 400176 304568 117020 169498 351090 402510 390925 475130 663661 237812 375307 934808 121200 455498 131218 425757 250488 123441 205835 369726 496473 163063 409060 421475 312754 925930 114202 317868 159616 723938 315619 442924 130464 156563 124640 781472 159408 475230 312824 371808 178030 617616 283885 648803 526588 904286 220132 219460 218338 303835 381808 421320 520090 142476 173810 405520 153532 106647 270940 287188 386258 610516 451238 486015 178900 405230 575788 101695 369193 109905 146230 574655 146332 337360 350932 172744 163393 149216 289900 782375 551194 961798 448226 223120 338290 258721 443785 755216 300704 105481 208680 562700 169312 396112 138104 680355 789700 174550 334780 240160 186395 433788 483709 677220 340240 501800 293285 355942 160372 738768 604830 516100 409750 161215 134968 116660 171160 263590 448627 281980 496573 125056 211573 532978 113545 150336 607702
215328 211090 525082 0 133286 365216 314750 156283 695074 335080 416680 400433 270599 528904 600337 211756 305252 104928 332791 294579 342784 498160 322015 262307 573856 578032 382720 105604 107044 342109 182949 151120 200750 221737 143510 229648 422336 149579 131344 190504 447643 159094 182836 396799 487192 156442 226814 176704 367152 138771 154252 131302 418426 187084 458071 519254 103692 133456 149650 201680 318307 263759 448936 396478 168138 180808 364414 110199 530204 100474 472618 143624 287376 243532 267210 197890 324886 237670 130284 114587 126240 411610 152696 363264 290800 245114 517640 272898 191664 415056 638992 543460 121945 151480 119515 134170 127192 508195 234931 198373 295345 101716 611360 581457 347086 162466 153648 589204 107930 135840 120352 112384 100153 167840 311904 498160 618144 337915 334612 201184 100012 729703 742190 298208 223820 389506 444301 496305 277800 893197 420766 470140 127058 308151 188452 115510 177658 134323 116764 123749 118272 538536 314401 336910 709870 235315 334900 353792 101701 530874 280594 141548 344758 206020 320983 348820 121413 101688 283742 502336 596872 847750 108415 124253 159408 480730 307760 142042 118048 332141 238250 117776 395800 327203 280144 276100 349280 211518 170640 135586 173124 102402 138180 107932 796376 244692 627932 135511 123796 252146 594910 394336 158218 678826 121272 138286 258760 252608 117468 234912 123340 337600 279216 124258 609250 153848 152624 457885 160792 644119 101221 195760
408568 111790 364682 133286 0 580675 150240 100000 415400 527332 176893 312181 727264 364273 283768 506644 215782 309664 650620 297154 333930 100000 150058 249532 190090 333082 207830 355150 115249 177825 131185 740677 758788 256079 115390 298702 152736 661800 152123 295584 113920 111820 934330 185744 336610 265798 135190 163056 103465 351198 321969 226720 478120 113618 659182 252665 148888 103740 221793 162946 277345 487252 306570 105125 632786 119005 120942 390709 442144 160756 173010 886573 836044 519019 471280 155528 877888 493436 235240 110662 380577 114136 322600 178295 204562 189610 303136 284556 109375 284030 360357 764311 119943 175924 564509 723007 354702 159952 157870 175818 123312 165338 399820 789310 534673 261492 101104 121735 113662 135154 301201 124476 482228 163388 390565 122498 251084 425065 191080 121784 188352 563104 353383 194160 142182 180925 113050 141584 219520 213256 177088 344664 311235 253592 143516 821935 682148 525332 108160 284580 432150 258250 120748 130048 100851 242758 113490 735408 736391 102300 604376 101743 108964 110180 112930 973495 122176 414160 158483 190356 247651 400960 688201 153568 160372 272244 205327 228760 251107 153204 641240 533888 350056 140656 249842 506848 141701 553238 142185 100252 147276 330880 326476 411004 658135 398300 139104 135672 684037 130600 174844 608045 107780 172219 124957 130888 469830 272725 212148 324924 150544 206785 315055 276487 133303 113880 513820 424084 319772 158408 578308 155440
125322 322105 850552 365216 580675 0 109450 461974 112690 679360 129412 497412 673122 403537 101968 696505 576064 352288 755000 274328 233679 470116 292241 123460 530034 576480 450980 539075 193462 158575 242760 457459 329203 455830 343440 576367 366762 250656 145406 283375 416569 363207 336930 299602 332576 131126 148996 312072 702508 578676 360690 122704 109768 183739 190740 704323 142834 190945 104576 126760 148836 175530 220933 154131 745876 248074 569480 100234 261538 248341 153824 328123 835377 143395 214240 282776 259290 598300 362965 373156 725756 266309 653432 175638 270004 172898 461406 335532 187127 604482 843512 449468 704771 159064 164722 181165 162620 199116 105644 121824 536208 414631 233340 430400 224958 234610 107986 398540 194572 337897 122113 203704 252172 120893 123304 690988 200590 483834 108970 125632 362500 505670 503860 675818 372097 309638 573385 266140 233920 315760 252025 147466 130702 779680 187024 201626 231775 128176 424390 297432 581780 187464 316399 218658 146354 191355 126529 423323 171232 117080 167925 379994 120248 288442 168120 232046 475840 116796 497250 275848 277000 350187 346870 196600 298644 173920 208528 220672 204424 419902 102464 101680 290456 161776 179460 803026 411910 310420 189784 567195 711949 147412 640981 576784 227062 248050 150310 724777 136270 787468 302650 127008 128908 118135 357931 284746 174712 130889 238556 309385 860383 330230 628720 371308 711376 123301 235604 337804 200698 877280 678493 343942
229592 239860 203936 314750 150240 109450 0 229206 115965 377144 514336 345259 118625 394484 194164 111658 504424 774370 534190 436842 106386 458064 364317 115660 404304 427502 594856 373918 494136 237808 388522 138734 404171 276897 117802 158714 635086 205985 151861 126880 128128 261155 251097 241218 189301 166480 142959 495612 174002 418592 176608 446731 636400 158176 108061 125944 316112 152164 201910 333204 232405 288728 701128 169255 129440 369592 684535 274216 596584 635626 174210 286144 260890 302138 811612 114224 105688 241015 776494 382450 148506 635947 188038 847288 376544 144247 735391 480640 273316 118772 148208 112420 645454 494492 285496 109108 366710 188284 736826 150127 238152 337104 174045 165400 164638 123100 169099 101428 383815 146060 267347 136144 232276 219780 411542 524795 417412 790910 351572 142784 161056 712892 303312 295920 296652 290762 117613 117000 298852 273745 104292 309668 383920 317080 752113 136570 195260 776767 638672 148959 141420 300445 167564 237300 668960 470636 302458 549024 437700 172360 230220 153836 498250 353043 335352 139528 149558 422531 166963 296031 123544 102421 530465 650971 341516 221302 477063 430327 244486 101913 150220 339219 213256 187240 452365 328034 158460 257348 257716 112890 148363 164664 246069 139243 186768 199015 505251 140080 785025 871561 401104 606414 536686 448959 726080 334479 162790 668864 104602 194248 608820 706816 263050 113728 458575 384068 179968 156784 405660 102393 218558 104818
176077 473641 609571 156283 100000 461974 229206 0 131696 395095 349016 251984 367138 107546 161828 719520 132376 473728 396888 273565 304340 320660 124276 141643 303984 330560 167464 760583 325230 137872 182992 152525 100089 126752 139520 679250 103186 600780 421180 238782 134965 294106 276580 223057 315688 146648 121504 656000 265977 283113 497540 245878 384000 144640 691948 531664 119734 427164 673300 193890 236119 131675 107140 140479 344698 678952 358000 312175 553200 747550 548470 216964 174750 297175 462112 169000 300620 100660 294922 553378 103052 467380 242000 404008 233770 124549 758896 104344 191126 824620 115318 126118 492375 349824 214165 843120 157602 314600 107562 246412 202500 286295 158035 185181 336645 228934 227920 153376 308656 110152 149844 281044 342284 161912 222591 150592 357873 141760 597420 363529 263632 370468 881352 380546 206722 461620 310756 512080 437502 469900 298402 459292 122530 207448 355640 531472 551724 738667 291142 216352 149020 189284 140623 543289 443512 730734 137800 320544 251264 169180 171095 117934 823672 101767 168747 557548 111856 239870 111675 221028 326380 220666 272757 562536 572230 170184 275800 488198 119967 488245 304498 259324 431122 227985 192235 193725 182880 405432 175129 320994 200224 104345 504430 102779 527570 660203 104292 153940 235605 436300 160828 662315 717780 684640 125725 189870 133826 111128 328000 399754 129204 229315 128600 139235 195256 341945 405106 128063 159136 444840 140128 233700
151340 310984 268567 695074 415400 112690 115965 131696 0 456868 225209 181171 548749 421860 454537 146920 376741 135280 786886 119184 351979 311041 144040 120559 346562 102754 536977 681438 470440 522726 608768 152614 310987 102625 275877 123528 602124 121016 155687 134760 602500 101474 513130 135574 451600 102112 121408 826270 177350 108246 426144 312058 287008 100000 173138 566062 137128 293140 800560 559775 101430 138298 458200 185650 214080 210238 260758 108510 119343 189707 114400 144268 116040 101957 221380 300448 170380 111400 528250 106345 103160 100261 101054 518080 298021 487051 252360 703307 131407 234316 136192 150881 558128 245408 163240 677915 284110 116032 538876 266161 181378 304216 153550 540040 130492 163273 213526 313716 104154 487040 147128 538750 469930 605770 388730 111960 131423 262946 330104 366562 276232 524410 325240 462370 168480 103135 531434 212423 182715 372711 166755 503790 239000 136425 177310 529140 312205 499190 407021 110658 522097 767320 227792 101238 549854 215938 304920 516585 727480 345504 106468 291100 521480 635153 369360 498605 368732 402058 818058 105283 169194 161101 243154 106692 138502 178843 259940 517882 612720 154351 109282 516568 742890 374950 104557 730819 129326 646364 398928 135620 668400 388120 179713 561439 325750 181618 562995 339850 216128 708994 119662 421113 104494 582220 273565 110320 389984 217914 210618 889965 339935 224950 194188 597388 146882 117000 367570 228660 106721 136462 630997 490051
273250 935744 296544 335080 527332 679360 377144 395095 456868 0 486688 370389 226325 137510 417814 676723 261895 209462 616022 490216 777646 550723 584800 253204 525007 143960 159892 201500 114620 638898 172078 336463 128620 434125 141080 165620 103165 176650 650190 134447 818952 233712 636740 469648 110875 176710 102607 145414 288001 117200 128470 322425 142490 697212 326010 509448 289274 465750 142864 239370 232084 206981 224740 102639 408074 298912 298850 153766 392896 119776 204784 501440 392179 124892 170587 321390 544448 100480 425117 349600 206540 864910 116356 448348 656842 192055 193150 358544 396190 197051 109285 780583 433700 519562 410250 100448 290456 137267 102112 384618 133440 106072 706907 155430 122244 611290 326584 426616 254224 119836 146704 596305 185646 150328 116880 309160 197464 832452 461548 360073 119564 169450 356906 180850 233224 192273 262610 472368 105428 121525 459816 254392 453159 318051 266666 170296 196363 515224 260393 393406 512605 489781 139468 615760 621834 192160 106438 255316 326806 396940 169600 240079 166878 393748 109840 122330 763871 184970 148279 516738 162132 167782 284736 132864 208452 110621 100594 673345 128536 196876 122616 459649 308728 366880 273922 137365 733828 215506 106237 128130 140796 104582 226772 163050 167014 256488 436180 552706 355008 621265 438244 166804 297580 215074 172160 105408 122260 123904 482083 115246 448705 220773 114824 156445 156100 118560 223646 153853 164607 376320 268960 448400
194290 101428 105810 416680 176893 129412 514336 349016 225209 486688 0 837632 122135 372805 179424 596584 233210 521344 739756 509480 391465 420508 379864 436140 303745 226162 596320 750988 200548 356640 159787 130750 341956 139424 605644 402400 734516 104215 196105 112720 543895 730720 192016 698486 559162 497238 334360 215527 545239 259488 149600 374164 231670 120118 213476 486892 439840 138552 364600 502600 271990 138999 105664 257728 782803 110956 188775 516016 101727 498008 595567 296680 214235 313530 205783 146916 344280 584095 391879 408676 513835 596337 212608 600520 505939 284395 129056 424786 295478 781656 141819 221260 584016 216864 300412 634492 365980 349936 113390 108340 300128 194788 190405 271700 270765 140492 129400 203092 100777 339324 609376 277920 430252 136907 257722 242570 392138 235200 214816 660314 161800 159112 225118 153988 152992 442954 382900 508980 243360 619439 119160 257275 423796 503636 344188 257850 305254 273799 683712 108832 199120 249760 807655 240492 355136 162580 198346 317713 100416 899008 182784 336022 421904 152877 302585 174166 548144 561448 285906 231565 335858 261568 762607 133087 299724 147733 119229 131314 131878 502990 139520 881509 333479 410288 209395 248653 571192 237298 452388 180736 648964 914512 111534 605692 225712 452600 233348 691288 289360 368076 208144 122736 370480 169881 272961 493066 127000 516304 185344 250133 355940 521947 204598 573384 191512 112432 123970 173950 601189 227512 666260 542513
104860 421382 558316 400433 312181 497412 345259 251984 181171 370389 837632 0 101650 527908 149610 427762 154270 427267 797952 783515 415276 328137 102691 563158 109936 460052 297935 349210 541133 124915 137814 198550 119768 874915 360072 275500 657760 275780 118904 100000 608428 144585 228404 111468 420616 205987 519265 397012 527460 553600 433872 745120 217572 106952 193555 119530 211573 356960 367264 210591 210968 145264 129726 772072 283780 233182 182271 134765 170516 342550 159356 544367 319530 508107 636790 182654 252022 184474 204115 259894 214195 115120 216756 244008 139440 182956 232349 745869 481052 252736 331944 290070 107404 278794 292585 719074 154912 168302 117355 139565 906976 132596 154568 272992 382344 139214 187395 333142 158707 337925 224356 207646 783668 185470 119584 217288 526060 536568 159302 183888 139315 139120 711260 224074 118000 452638 156310 103375 271000 775120 114773 439915 123729 273646 105244 435384 599032 321844 105931 296160 586752 201088 416540 690352 832096 124360 280815 206596 194164 111374 159450 372648 309336 304156 252416 152184 369706 609270 150850 434593 231052 124405 194794 157942 166165 242964 457170 456680 439660 143632 517925 755224 525568 143168 250399 375674 326461 104692 851154 466250 250080 136894 438034 179560 869356 108531 156120 197635 100000 110488 183844 103798 376675 353593 107161 824692 242848 154690 105964 118292 661015 116425 121216 131779 114539 345969 122173 332220 114976 196702 104346 149665
270370 262692 373240 270599 727264 673122 118625 367138 548749 226325 122135 101650 0 290036 107410 840643 560152 307930 141025 164881 549430 166495 213735 250249 203400 188068 318823 436030 464468 203950 214000 319728 218184 119272 335060 220600 442912 234907 449639 288210 336006 289440 120020 156200 488010 239230 340825 313825 220353 672000 504525 652807 104488 292508 142075 374428 311072 476826 198436 160490 185648 210565 205994 219925 130422 101680 374890 595615 503240 757369 748333 135100 196264 304530 518693 246972 597445 276880 386400 733878 317843 228412 103000 232860 430708 138786 359712 140362 110098 185800 376864 208813 113634 205294 253682 230728 150732 101370 132100 428848 197010 270324 451540 446050 506236 533566 112932 602656 180253 325169 615088 347809 482436 186041 569632 422096 228754 564128 108414 115984 808106 236851 107140 137926 203329 299690 511996 184134 135505 268660 609400 288496 385120 420760 268221 104714 339940 410580 263152 101764 151250 509227 113416 152490 380314 246124 283781 427488 258304 252342 392905 107553 108322 120664 100776 691264 243256 169350 160306 109165 723996 365323 361670 224410 409570 784495 204576 494380 468407 120007 541323 609704 158320 273400 317936 164272 272747 915419 312006 352630 262620 112804 137944 712864 610600 511792 218200 345700 322678 588601 164500 202942 123426 273811 114278 310446 266464 181164 638948 442465 204958 464176 418228 229472 173580 134317 256752 155575 215115 201676 327528 128440
397836 150161 723948 528904 364273 403537 394484 107546 421860 137510 372805 527908 290036 0 307016 188704 199855 226742 394624 645300 330112 759454 103978 872616 341190 424142 512000 410214 126415 213628 535742 529800 108990 389396 227506 583507 141230 124180 414400 456775 279967 196432 198417 225584 629158 431800 101890 187688 184177 256087 342580 722440 644060 117076 294028 144976 289168 186450 462894 770776 500680 156621 128938 112546 495026 492284 196418 335620 202708 679360 216112 136757 528358 465953 417390 458978 570905 163342 339085 483350 128440 220150 431960 289000 128245 141538 185536 898132 441683 123850 501968 409666 491440 113920 354736 321610 310654 125488 732391 457875 731722 676209 417566 243868 181375 617959 439388 299752 275968 231890 660032 221512 209646 461305 355069 224877 471844 514400 417688 195634 347296 318448 115687 200245 325302 449549 356515 245860 324880 648811 117538 265354 820200 103689 468348 410408 134692 876560 204328 487544 169156 536437 265075 110086 197790 184246 628840 295552 333208 338420 205800 156580 118790 595552 143407 147690 630784 183204 256168 147504 111484 206262 854020 173416 148165 127136 673882 541084 126445 450908 308740 530485 251650 352048 248338 381416 123328 224312 191172 284201 251300 419680 126240 111850 537815 680000 125200 430456 115191 264629 327520 128098 280048 840716 279550 634000 102821 126059 137436 132120 220015 196075 476124 689004 188893 113728 293550 302704 446655 199160 242612 153389
717386 163225 247569 600337 283768 101968 194164 161828 454537 417814 179424 149610 107410 307016 0 510091 132688 338360 305632 163147 247750 352472 389976 143912 142320 129356 176704 469036 214785 180011 123782 218096 241912 143875 119434 204410 200164 282382 102771 299260 157399 197802 401834 166264 222148 375331 211300 193612 109362 381120 115008 363585 371920 441815 114000 259867 277633 337350 264584 104760 143008 597336 118105 151642 360484 101947 558148 180128 108160 475858 118800 702980 185000 701941 171010 437736 884674 417633 776266 562480 411534 328520 440628 115194 129744 548404 525646 487046 517812 339190 111040 166983 102880 321034 339428 226429 515036 117673 604413 636112 242100 231487 113124 174844 223648 182134 312735 100954 143907 376048 586304 423200 189424 600395 175840 156440 232374 281260 567935 170434 552634 782101 199640 442108 162424 306112 114751 185500 510464 354408 413434 106452 164746 355806 168442 236245 111567 210240 181690 218053 181558 380280 145474 182998 122015 524568 134750 810619 539398 201904 399726 734925 372875 459160 376974 135145 262606 627875 411649 288038 423180 546712 155776 269480 370382 116116 323256 114534 461416 209296 419360 216865 170805 117484 327678 443140 234379 150193 163788 692388 132370 881568 193316 572320 156304 350557 251755 228112 124552 276295 249940 219238 370469 101980 444204 105014 124718 134128 149068 117696 334171 149300 431177 128971 250567 275890 217360 228100 317028 347968 234320 133768
283560 266083 112862 211756 506644 696505 111658 719520 146920 676723 596584 427762 840643 188704 510091 0 115394 851501 243988 499280 556705 307998 390640 174992 104543 461836 106600 164960 773440 606770 215743 117570 252703 180784 821389 261596 321160 337552 438045 274692 459584 182432 206128 163687 392864 108880 101944 683635 573429 138412 233906 369192 155154 174588 342064 227490 449568 175985 308692 177695 195095 370169 101530 493120 199009 173150 173260 671613 107722 149959 390550 142094 951440 125884 135955 141426 132430 104198 136714 514003 229500 556372 315779 170811 488920 143513 149580 255572 303776 343867 269632 135672 581068 245612 271130 118225 278230 139600 194639 216358 203520 382162 181088 122300 214928 645100 563707 138675 462180 103078 323416 242786 619200 267240 269175 505552 689416 277184 282876 155512 409748 272176 521680 849133 553376 703141 217360 829585 326824 347848 255540 652957 376722 135554 202960 182106 313767 287236 554025 689680 123218 769760 230684 181000 650368 120907 532128 301400 114100 229472 365720 327420 311242 328034 151072 203800 170030 413156 382874 166976 127387 254972 649376 198610 101188 287488 273768 127375 125311 178126 100000 315830 280759 287902 570120 574080 105586 765860 154280 111550 167571 499971 135750 309520 390175 249758 157486 173048 292888 350416 756055 256847 568000 249112 424786 126269 372300 198384 125143 129591 112712 675995 102316 479008 251112 258620 204328 329218 230977 116933 103000 396460
607012 259084 482180 305252 215782 576064 504424 132376 376741 261895 233210 154270 560152 199855 132688 115394 0 258118 126572 228310 232192 789304 683075 464544 352704 548152 282715 262355 213386 292324 329987 251256 163812 112495 602330 398764 138907 420228 382877 100000 521702 105686 395372 414860 159472 130580 100000 291337 766093 165780 664610 252478 187552 278295 110500 163936 406255 408700 344400 643204 494416 340380 312916 448528 172645 103724 139116 405472 527044 114467 107720 769870 106656 205160 462821 332885 464080 107067 279970 710280 129110 291730 116422 227547 664249 445576 167452 241174 440730 141276 941890 407349 286267 104378 148216 954145 457758 240544 483922 239555 296044 421490 539461 522208 204005 629445 452914 954573 159736 364578 635572 576838 512730 186051 148500 692206 146092 116877 212118 290267 934548 201520 769500 112272 121566 143218 108145 376012 277781 131746 330420 367568 675757 457554 141910 130004 339560 161358 242830 419395 123140 743680 458722 847696 343000 185860 111523 229688 206723 223322 294955 104538 232300 879328 132370 572689 175888 431705 486250 110515 544912 309658 456500 321550 463540 579146 146852 204310 377310 250960 408104 243360 327000 123667 530656 103808 477986 210962 266914 297757 295348 398902 262410 705028 344440 543586 175636 159409 126430 222100 808834 598200 177945 153130 526275 274846 129323 468151 225038 245314 462148 206912 306941 332864 442104 140720 242397 107452 131460 259354 653242 112243
757967 428930 285712 104928 309664 352288 774370 473728 135280 209462 521344 427267 307930 226742 338360 851501 258118 0 344068 547942 329415 455137 402940 256302 368142 107943 168085 118088 644308 138916 102280 117280 118906 126565 198013 574826 124416 205187 103100 534594 508668 545809 132461 123735 252805 117119 365500 262000 142592 100000 137440 258328 145640 119248 651460 737070 268918 185956 173352 289185 759377 112954 120397 459304 236188 204424 184500 373624 419872 173818 394712 674695 301984 183000 151794 114248 675435 232076 125197 195112 600989 231312 137848 196089 207271 262316 192682 201355 230088 102730 493436 100026 105425 508432 261994 104052 106021 108766 629344 251382 344496 725612 128016 215232 213035 144352 346715 180004 484100 262432 162100 362048 621020 181184 179220 513877 441950 133840 671340 534310 379775 180342 277713 245280 196220 439388 120713 169936 236080 427470 256390 166727 187892 341153 134970 384566 139045 204710 297617 296860 222248 435410 766699 875342 508456 259698 533958 346667 700507 438348 110692 843920 134556 204208 256016 136288 224735 210205 125916 156100 113284 176320 250024 722336 380308 191471 958528 310444 294400 130798 192132 105907 177441 112776 102205 181300 413290 758243 320150 215452 217216 368142 136160 105122 253000 331188 182026 271580 106450 203572 196005 184474 933313 250960 259460 141334 139006 225096 222220 429280 184444 546208 237124 184040 347281 190835 278572 290498 136946 276648 289332 672994
330956 417730 157393 332791 650620 755000 534190 396888 786886 616022 739756 797952 141025 394624 305632 243988 126572 344068 0 363015 316867 596740 217263 121534 385207 341560 702196 102684 372943 201618 177120 589225 102685 516880 512560 428590 218800 249878 174088 562280 381952 752740 143758 287944 150275 320528 196300 283469 199333 356935 139962 184320 849115 403104 152280 327368 212596 490862 130624 166015 605020 599689 238985 793216 181921 127348 202895 354104 279248 298900 216405 204754 137686 226077 162814 475936 575650 157570 203113 271730 209498 457204 228936 170851 249999 544754 318147 598940 458560 266750 537396 125421 544640 292372 113184 112410 400135 573556 683780 117243 388970 747836 281384 326765 716940 169432 146032 517736 147632 298968 115132 412312 478534 404440 412060 293898 151618 514675 119176 195325 463660 115972 204538 186940 766571 181992 362416 165107 547120 670285 384316 131083 150690 558640 807310 115756 494080 215533 788068 411850 265750 120100 191728 413803 231838 531340 530276 240963 859203 215175 250143 400588 120485 196901 224800 394120 251504 822400 560784 566440 486211 265453 500464 102490 212905 359470 523657 719327 101656 266950 185981 507099 481201 310717 403555 389954 124186 280455 448492 102176 297008 189217 104256 140021 364684 410076 211670 659855 452152 223165 212110 100945 275940 101491 207160 131682 348358 577653 166736 286702 259340 144109 174784 202144 201990 349120 244704 634882 336925 158479 216754 175375
550475 436336 118337 294579 297154 274328 436842 273565 119184 490216 509480 783515 164881 645300 163147 499280 228310 547942 363015 0 101566 125864 649990 571105 126892 155296 163074 403892 173357 384550 288760 167239 135177 221728 236338 194941 486837 531408 959968 190948 261454 377508 461980 139556 107860 734368 317184 379415 167620 400612 438082 548266 446136 223820 357796 316039 627527 196852 168796 261676 112395 183002 717711 195400 310615 358750 491530 171905 273233 116530 543040 103815 328549 859249 226293 183814 235792 175078 233399 581229 332505 594273 104095 678043 189440 803450 189651 549816 273242 246120 538820 174568 346411 532718 177440 339246 117464 322762 307454 117010 304858 161410 752327 248224 136915 306610 103973 208290 188880 296712 347091 349792 348464 289378 184040 263930 215581 537559 136720 308564 178840 253790 111400 566200 333128 564757 546244 481900 471580 602138 353820 340812 330020 510210 320980 111286 291400 210970 714079 444324 671946 113930 187828 138976 496689 681640 279336 363783 395424 942668 758952 194486 195340 119264 131779 556720 277060 259464 316056 446239 519832 264451 108981 234880 389800 103615 304836 107290 474451 411054 102880 931420 416883 156883 215816 602902 658432 421497 187192 239888 737767 523796 107860 446752 109990 147824 135280 546080 355491 137128 217110 303796 140994 284470 353500 136864 192532 675720 125090 269155 939322 260950 544066 200962 327010 387896 300136 109064 106330 121684 825973 614575
268099 122515 600409 342784 333930 233679 106386 304340 351979 777646 391465 415276 549430 330112 247750 556705 232192 329415 316867 101566 0 253045 440956 589931 175180 218992 713364 135026 502132 273336 180408 375630 704422 590841 572131 237655 174182 782815 395867 243930 642832 414875 100444 157240 202690 410500 350580 360018 309920 286872 474874 101106 259650 103694 374680 571115 494092 136225 528278 320634 471070 176500 156525 298288 156958 139676 197608 390988 135226 129700 411715 145990 197202 409168 461990 145808 466832 146908 183507 223786 569154 162425 445120 542678 225083 126290 159469 286966 290736 425864 141769 811260 143848 243161 112520 423680 462843 128700 333730 131920 116256 307000 130498 205083 520196 444607 368520 269384 360568 923374 174481 342697 206284 310865 581921 218923 131164 180262 101548 453625 398428 108334 211055 660560 350008 727231 113650 224280 103690 309646 132329 104036 230480 466143 281428 407307 327563 131056 152020 213526 355956 281575 120374 510820 135720 140260 100000 163210 376571 128296 617906 248410 430631 230072 327562 139325 487165 527311 319096 461760 122640 388351 503680 159160 675580 319087 160696 146452 423301 665138 126640 108024 131928 243619 300446 119869 758280 105700 104698 711535 328852 128728 144290 196272 169723 111266 200678 376212 100000 151756 231492 143416 210500 346512 187115 158880 437818 454885 571421 710236 398655 374000 357358 124700 365650 160225 562345 141072 407806 141040 126001 167475
453894 226440 348646 498160 100000 470116 458064 320660 311041 550723 420508 328137 166495 759454 352472 307998 789304 455137 596740 125864 253045 0 176479 707464 320514 151800 357681 684598 358984 106801 887116 328096 119662 248044 632060 144398 155809 230449 143435 574902 403849 341821 204424 232211 273715 655360 168952 446448 115376 153369 384008 129526 109240 159241 132718 499600 107740 784480 234016 386624 205066 633112 551772 285283 272224 108920 270897 260920 292640 105280 863995 178154 124511 520336 635035 346935 281936 536566 886786 295744 412090 427446 396153 435146 323764 365120 390764 262656 286388 117510 182710 351240 441640 123828 109415 261536 137830 160196 120740 315946 230758 560971 367720 259588 117632 806986 156012 119754 151813 114040 579622 260344 204610 601725 125010 122724 177238 296536 808156 234250 121252 635899 297976 368450 701380 118384 393168 538192 196992 597398 517703 508320 348270 739744 266133 699992 134434 102173 276407 304684 265986 199238 151004 413476 437264 108610 123136 144392 101794 182332 242355 467536 111570 176038 667004 221600 159430 326096 191245 432985 569130 606544 113456 211960 474088 128836 192686 103780 496408 421470 108736 533992 147880 293269 149518 555850 466978 825220 181729 724624 599590 881808 554358 143263 124167 625084 160433 343846 201514 344000 121710 100111 198826 476200 227488 673780 125184 452348 510034 163648 166386 158400 165688 294208 451120 300850 224416 203296 134749 275968 107254 296507
579160 120812 169596 322015 150058 292241 364317 124276 144040 584800 379864 102691 213735 103978 389976 390640 683075 402940 217263 649990 440956 176479 0 146494 122200 195000 404676 178624 314230 130330 254000 589873 535627 147520 749347 281306 275336 593920 296773 161968 806496 653152 640804 681040 308772 102400 129478 504404 370812 221745 319240 168198 217656 177777 175852 365776 203390 765254 181328 382752 190692 605730 289440 189397 689004 294764 418280 222128 689225 172720 219132 298660 320080 100498 425584 115714 689992 141488 510345 110207 469208 234464 166976 483616 100420 235430 135074 167466 147472 110019 618645 544160 348381 172720 569440 788919 352938 151142 459700 322916 143520 127424 435884 101462 140166 205000 284015 563740 626212 542308 680060 279487 600557 272809 405003 511091 305176 106726 114463 103591 139572 537580 325128 310393 463118 197635 555078 189562 205624 568305 241231 108400 313756 102450 117543 105049 150176 183628 480480 452665 182300 170586 474999 380672 816253 223156 148720 428614 611083 320350 408751 286249 348490 244664 206288 133576 291250 409695 631648 116107 427484 530650 608368 358540 399320 229654 406530 496425 514200 145843 388640 679988 151448 163460 102489 390521 103328 485506 199900 376675 466800 370600 139125 421936 120592 300646 450054 728851 160928 791176 181984 325090 227374 199246 167276 149680 443000 148112 273712 767263 401860 150960 721621 262382 553392 139936 188956 315527 669135 148267 181263 277275
316726 550840 941552 262307 249532 123460 115660 141643 120559 253204 436140 563158 250249 872616 143912 174992 464544 256302 121534 571105 589931 707464 146494 0 494197 114863 150286 118760 863976 457115 492370 571744 121141 717264 202997 690632 720992 101036 103185 100316 151084 295840 701698 467164 406600 323342 378511 660388 205820 257950 299836 677226 147084 823048 114868 124076 252991 194095 118328 383360 290096 261680 428600 185068 758784 181900 346984 107848 296000 104221 182555 294250 109815 489367 137788 308034 167260 115330 670240 467907 887050 297784 497880 118168 232464 922393 292995 205216 394292 357625 295978 193280 139457 156644 291835 437441 209228 242524 141584 188624 686994 169372 840775 299948 104928 634540 435232 176368 212710 147940 200450 669380 262197 559902 436165 824680 209875 508195 657290 201024 358804 451450 141900 158926 376224 264160 115539 103770 179557 170772 118153 154096 197850 236956 125228 322224 382355 196837 132844 671986 487360 266788 276820 185748 105383 265360 103078 100000 190892 110026 231157 143050 576084 420436 129330 281631 389863 193148 784200 121760 359749 423400 465715 311161 271639 193288 103920 193870 385115 890320 236200 306671 453640 112735 126180 760752 288214 545554 242006 284870 416875 179496 531832 287272 325948 122080 108428 817796 204961 446320 164824 264672 261711 198250 118536 146800 150336 508848 430055 383248 280480 502544 718268 190334 169696 118870 164116 116392 201574 173509 227734 316606
465084 153040 156135 573856 190090 530034 404304 303984 346562 525007 303745 109936 203400 341190 142320 104543 352704 368142 385207 126892 175180 320514 122200 494197 0 139400 229204 101274 589940 351220 112596 433232 342138 213350 153244 690555 138376 216970 808296 283312 870032 418032 563768 310552 823330 156430 244130 224744 306631 359292 276528 187505 422180 317887 674376 241192 848568 725239 123184 252898 192664 279630 132572 442218 330690 113528 509773 428610 249460 553140 351011 118810 957752 534403 161571 807888 338224 121252 183922 202564 385944 700324 749825 283540 218118 667009 130720 130730 171040 648020 604273 125296 216288 222598 159409 644500 292465 148090 978802 198667 428860 167445 294764 177742 466928 118171 127600 102425 576190 584476 132712 358628 112080 499251 389560 400901 261247 504928 363109 147700 157757 766619 536540 219000 780856 104492 705250 313852 184448 139556 310195 243994 107312 255064 215752 179640 311680 214636 715162 206183 206323 163525 384050 441288 112845 662166 218524 216532 191740 128728 201673 379270 460944 128560 624922 251048 208045 279790 264400 142484 207835 151212 663112 433250 154243 287866 108244 191235 567752 138220 214387 199695 379062 552512 142966 110496 499252 218125 501405 144160 224347 194612 290095 153352 617883 510720 484300 186674 144505 333984 407055 541990 155620 119725 189148 170917 584000 192925 110620 321190 356312 127513 195795 793840 522184 419242 364422 131024 147035 358688 360967 365230
430021 432369 171700 578032 333082 576480 427502 330560 102754 143960 226162 460052 188068 424142 129356 461836 548152 107943 341560 155296 218992 151800 195000 114863 139400 0 423736 216216 139920 293035 514960 132370 606499 102796 450366 206560 686575 395124 184960 154048 188480 537100 102007 586297 499190 121825 246874 230104 185089 185260 879824 470349 541596 825634 304997 535240 415264 379328 564002 237535 697888 227872 312480 233860 119596 376135 102828 199474 106840 523269 430876 110380 110080 361723 798943 151799 255433 193852 449531 103060 132994 113643 156475 674056 134548 130780 366364 165416 245002 561382 873478 129400 141378 254056 120050 290332 109169 257734 186515 218734 189193 700832 487760 208215 706864 138961 980555 537134 111950 776637 138048 377453 201570 333576 247456 222738 143996 151172 181072 230000 294887 641647 282454 656920 361136 109256 163240 477454 283000 464338 142039 357156 527488 195175 173402 330263 301529 378604 104800 150400 495794 305328 190992 114032 288308 434828 242296 428040 102112 399925 393822 384548 579180 401440 156364 569542 127508 344674 104672 290218 366032 100703 211870 117568 129400 100540 941320 195274 770052 653740 538030 133796 234945 294783 101619 395130 291334 456130 649827 392455 178452 190244 159800 396191 123628 175888 881501 354745 437909 105384 249758 365428 445851 159994 475606 307350 273233 118732 279040 392410 870835 366076 215645 159784 160543 287220 311670 423200 108596 126595 771715 299778
394489 100000 186172 382720 207830 450980 594856 167464 536977 159892 596320 297935 318823 512000 176704 106600 282715 168085 702196 163074 713364 357681 404676 150286 229204 423736 0 153133 193840 568780 112438 149000 418159 609240 598225 245096 428040 664096 590801 374700 246127 468508 117267 268918 176850 682162 291477 205732 121614 379972 700078 166174 364860 343063 141778 180376 382498 266125 636424 338989 464704 338136 965605 270880 427690 120202 850832 207439 402318 800770 147101 153000 161424 192020 725739 294133 199710 727411 135042 553456 362216 197627 647388 152712 218090 162220 251575 173002 127956 409296 121033 255727 603690 618000 163960 232000 401941 509646 380742 542152 140936 179456 119287 178500 524025 197400 134437 335173 167938 170434 123528 235408 178246 231625 626946 200480 617716 579532 733760 110471 325200 388288 159416 611424 469702 252148 307720 466168 101860 507616 347464 817654 218800 588670 643774 713354 121912 429346 344608 154108 103240 540662 433840 314200 135370 201618 110286 239744 249511 379990 428256 620030 165775 288467 135168 194076 267919 151429 143455 169608 867480 190698 350295 744448 294176 409364 701460 661755 384088 220152 577100 102926 262808 103856 253066 335500 227400 101206 395950 524174 545947 218100 508848 148960 400204 107300 119536 124393 443154 627865 134276 587830 373616 368496 386272 112906 182678 365506 244248 243013 164260 641008 281764 124440 187412 333655 180784 707645 417628 404916 542458 137692
